{
  "0": {
    "R": [
      [
        -0.3163032669025702,
        0.9481148419081831,
        -0.03210124452699964
      ],
      [
        -0.5989519327291806,
        -0.17334797280610043,
        0.7817973283428349
      ],
      [
        0.7356689647026986,
        0.26651215146299856,
        0.6227057471196353
      ]
    ],
    "t": [
      42.85273811063899,
      -128.8969282853948,
      370.8485037082262
    ]
  },
  "1": {
    "R": [
      [
        0.7321746759718084,
        0.6767934617795053,
        -0.07662149801518275
      ],
      [
        -0.3900981307460856,
        0.5088947715166486,
        0.7673653366626797
      ],
      [
        0.5583401223752302,
        -0.5319555635723076,
        0.6366157287803071
      ]
    ],
    "t": [
      54.571794064489175,
      -128.8608034752421,
      373.7234873510299
    ]
  },
  "2": {
    "R": [
      [
        -0.7181964993865583,
        0.33176597795805135,
        0.6116576854241516
      ],
      [
        0.1426265836727958,
        -0.7901700142784657,
        0.5960612436360843
      ],
      [
        0.6810664034429532,
        0.5153277446486907,
        0.5201786901600002
      ]
    ],
    "t": [
      -77.2761392020401,
      -95.78328560606099,
      391.5841318623363
    ]
  },
  "3": {
    "R": [
      [
        -0.7468741643891346,
        0.6101836484512139,
        0.2643007713397701
      ],
      [
        -0.4536166823965987,
        -0.7581443696362016,
        0.4684538613785031
      ],
      [
        0.48622102794874605,
        0.2299848472219244,
        0.8430279248214574
      ]
    ],
    "t": [
      -13.630940546069729,
      -74.77849141075367,
      333.6127371055191
    ]
  },
  "4": {
    "R": [
      [
        -0.6898063492641278,
        0.6938130838469259,
        0.20685890166418802
      ],
      [
        -0.6085320777065797,
        -0.7104235735301765,
        0.3535350853518314
      ],
      [
        0.3922447079528402,
        0.11799046934151934,
        0.9122622091414061
      ]
    ],
    "t": [
      -1.677214329602887,
      -52.756926658170265,
      321.05802652296137
    ]
  },
  "5": {
    "R": [
      [
        -0.6096069719101507,
        0.7806848941774608,
        -0.13751522025457175
      ],
      [
        -0.7384300156086537,
        -0.49617356314808614,
        0.4566540345613244
      ],
      [
        0.2882714898264134,
        0.3799248494584932,
        0.8789520219654774
      ]
    ],
    "t": [
      61.56389088549566,
      -72.41269248721775,
      327.75794882135654
    ]
  },
  "6": {
    "R": [
      [
        0.8669181189321491,
        -0.43961213247313446,
        -0.23493434838177174
      ],
      [
        0.44370714730157723,
        0.4658640939859787,
        0.7655681637634366
      ],
      [
        -0.22710557567052575,
        -0.7679269619677687,
        0.5989250692551721
      ]
    ],
    "t": [
      79.10760440364221,
      -128.1382416213244,
      379.73339688846477
    ]
  },
  "7": {
    "R": [
      [
        0.8787970466363787,
        -0.30050792423235184,
        -0.37068954435853924
      ],
      [
        0.4122592460996908,
        0.08688113832040045,
        0.9069145394189388
      ],
      [
        -0.24032907611958426,
        -0.9498140108872444,
        0.20023805805538697
      ]
    ],
    "t": [
      104.77778086805964,
      -153.26853369032,
      449.72591699079686
    ]
  },
  "8": {
    "R": [
      [
        0.8704375789260569,
        -0.1152005082459058,
        -0.47860972001541036
      ],
      [
        0.4760036201615099,
        -0.05096575979344087,
        0.8779652868546765
      ],
      [
        -0.12553475529303257,
        -0.9920339380427275,
        0.010473346406767448
      ]
    ],
    "t": [
      124.95617625359696,
      -148.4571406226485,
      486.730383878849
    ]
  },
  "9": {
    "R": [
      [
        0.05176873306795504,
        -0.9885492109516436,
        -0.14174080500484576
      ],
      [
        0.5826110591421207,
        -0.08537921443003849,
        0.808254132998159
      ],
      [
        -0.8111007040077298,
        -0.12442205298978315,
        0.5715197290452645
      ]
    ],
    "t": [
      59.8099327614432,
      -137.268589282115,
      385.2550933582276
    ]
  },
  "10": {
    "R": [
      [
        -0.20671194728730385,
        -0.9748362768892527,
        0.08345300539460304
      ],
      [
        0.7962196736999889,
        -0.11803899072813984,
        0.5933810140887268
      ],
      [
        -0.5685986300210144,
        0.18910586963017,
        0.8005838919249144
      ]
    ],
    "t": [
      15.713613239249575,
      -95.12115784027733,
      341.72481355764825
    ]
  },
  "11": {
    "R": [
      [
        -0.3206625545955989,
        -0.9222915910728695,
        0.21576317368007808
      ],
      [
        0.8979957745740494,
        -0.22355567385343134,
        0.3789808036498567
      ],
      [
        -0.3012957266994963,
        0.31527937091445296,
        0.8998998851807958
      ]
    ],
    "t": [
      -5.587922574049484,
      -58.265780031133986,
      325.01800656388417
    ]
  },
  "12": {
    "R": [
      [
        0.936849931236136,
        -0.32618850349617523,
        -0.12614779637303558
      ],
      [
        0.29637984548538787,
        0.5490007427532309,
        0.7815095467404467
      ],
      [
        -0.18566419561376063,
        -0.7695448295215337,
        0.6110070063622584
      ]
    ],
    "t": [
      58.32818927849437,
      -129.77917931682595,
      375.3596284638515
    ]
  },
  "13": {
    "R": [
      [
        -0.001148408498329645,
        -0.8977729808737305,
        -0.4404569853811122
      ],
      [
        0.7061695788596678,
        -0.3125904421253899,
        0.6353044477925625
      ],
      [
        -0.7080418116545664,
        -0.3103077348455072,
        0.6343389493354243
      ]
    ],
    "t": [
      116.81551855810415,
      -104.44284244199216,
      372.63079849548916
    ]
  },
  "14": {
    "R": [
      [
        -0.3252812759967014,
        -0.8760600183317361,
        0.3559647956842864
      ],
      [
        0.7504569494802392,
        -0.010128536697518453,
        0.6608417206269445
      ],
      [
        -0.5753316073907041,
        0.4820956928089744,
        0.6607399522597854
      ]
    ],
    "t": [
      -32.694798392133876,
      -109.31093970408025,
      370.7164396158519
    ]
  },
  "15": {
    "R": [
      [
        -0.3538567966059177,
        -0.7291080289149231,
        0.5858215169039063
      ],
      [
        0.8788386024974825,
        -0.04487000793637047,
        0.47500462434387086
      ],
      [
        -0.3200438692680584,
        0.6829261779721038,
        0.6566458384733311
      ]
    ],
    "t": [
      -73.92180120121408,
      -75.05172947946939,
      371.325808851708
    ]
  },
  "16": {
    "R": [
      [
        0.2177772963880501,
        -0.9707163969292538,
        -0.10140377660915084
      ],
      [
        0.11352070319495827,
        -0.07799917970638315,
        0.9904691706011114
      ],
      [
        -0.9693740759500604,
        -0.22721312615651967,
        0.09320995750534333
      ]
    ],
    "t": [
      54.00469278592224,
      -169.47078783035974,
      470.3638789341769
    ]
  },
  "17": {
    "R": [
      [
        0.3479243224487923,
        -0.9336894576677717,
        -0.084691572713058
      ],
      [
        0.015121596897104794,
        -0.08473491010793333,
        0.9962887795796367
      ],
      [
        -0.9374006630869376,
        -0.34791377042172794,
        -0.015362460581133608
      ]
    ],
    "t": [
      50.33381285559024,
      -170.90131138390527,
      491.4312723996941
    ]
  },
  "18": {
    "R": [
      [
        -0.815226502708982,
        0.5312875472154008,
        -0.23051961186572817
      ],
      [
        -0.26686855758397354,
        0.008643316962422307,
        0.9636941766166988
      ],
      [
        0.5139911694318611,
        0.8471474695976674,
        0.1347376803286205
      ]
    ],
    "t": [
      81.07313794427087,
      -165.1392301419125,
      467.9622156079991
    ]
  },
  "19": {
    "R": [
      [
        -0.8332841166970061,
        0.5051420575164283,
        -0.2246532496728233
      ],
      [
        -0.18178920238144508,
        0.1333995122718541,
        0.9742470200227197
      ],
      [
        0.5221017781601672,
        0.8526641025947445,
        -0.01933032302602973
      ]
    ],
    "t": [
      78.39623221682815,
      -166.56366686793532,
      492.9803972259037
    ]
  },
  "20": {
    "R": [
      [
        -0.5894907913292053,
        0.7679037892839735,
        0.2506479150948241
      ],
      [
        -0.6624702511159146,
        -0.6371376115378371,
        0.39394013549050466
      ],
      [
        0.46220533675465525,
        0.06617729495208338,
        0.8843001709308558
      ]
    ],
    "t": [
      -8.96705861059996,
      -58.886636259218776,
      324.3396678871535
    ]
  },
  "21": {
    "R": [
      [
        -0.8306350910075477,
        0.5275852870600954,
        -0.17804244006584358
      ],
      [
        -0.539551930836766,
        -0.6836184039272528,
        0.491476949349889
      ],
      [
        0.13758291869705558,
        0.5043011428597721,
        0.852497095474892
      ]
    ],
    "t": [
      68.76880446176789,
      -75.76319487924344,
      330.1994179852005
    ]
  },
  "22": {
    "R": [
      [
        -0.7683763545239063,
        0.4328792148695646,
        -0.47139512422431973
      ],
      [
        -0.6394894539819933,
        -0.5486623940982355,
        0.5385376640015114
      ],
      [
        -0.025515016252486727,
        0.7152518176392857,
        0.6984009029986527
      ]
    ],
    "t": [
      123.81975053764896,
      -86.4194048129138,
      360.84592952673955
    ]
  },
  "23": {
    "R": [
      [
        -0.9700301517374625,
        0.23313981173989387,
        -0.06846409936661679
      ],
      [
        -0.19635299629150202,
        -0.5861349582131818,
        0.7860606284554522
      ],
      [
        0.14313282491289178,
        0.775945641744522,
        0.6143462830441289
      ]
    ],
    "t": [
      50.82485254649695,
      -131.35788541909824,
      375.4221631667777
    ]
  },
  "24": {
    "R": [
      [
        -0.8314960051857518,
        0.42556210212820356,
        -0.3570872310687689
      ],
      [
        -0.4481391752778763,
        -0.13395725401976813,
        0.8838703149652375
      ],
      [
        0.3283072843258292,
        0.8949594132292858,
        0.3020959710603428
      ]
    ],
    "t": [
      102.6199255302578,
      -148.91909694641447,
      432.35006632367964
    ]
  },
  "25": {
    "R": [
      [
        -0.2676821587900605,
        0.9459007983525369,
        -0.1833519608335999
      ],
      [
        -0.37016504456027444,
        0.07473206087708059,
        0.9259551602873404
      ],
      [
        0.8895639952533954,
        0.315732163000695,
        0.3301349717853589
      ]
    ],
    "t": [
      70.81276075025802,
      -155.74985425355032,
      425.92788438629003
    ]
  },
  "26": {
    "R": [
      [
        0.19824511931215144,
        0.959440449201503,
        0.2004317766845603
      ],
      [
        -0.9357128511321098,
        0.12438139755887662,
        0.3301071464956781
      ],
      [
        0.29178816441920546,
        -0.25298871986181376,
        0.922418763213082
      ]
    ],
    "t": [
      -2.0302376356785383,
      -48.30214209135508,
      317.16745981329177
    ]
  },
  "27": {
    "R": [
      [
        0.8271274660104269,
        0.3455673091771559,
        0.44321934727539847
      ],
      [
        -0.46073055024438575,
        0.8685489324013285,
        0.18262013058810928
      ],
      [
        -0.32185014376674725,
        -0.3552548196049879,
        0.8776140940668351
      ]
    ],
    "t": [
      -42.59660503113238,
      -17.628648612486046,
      325.88524123761715
    ]
  },
  "28": {
    "R": [
      [
        -0.8646816712190725,
        -0.5010552240907444,
        -0.03562681390702335
      ],
      [
        0.3424027243614626,
        -0.6398137561244744,
        0.6880397748849552
      ],
      [
        -0.36754044921292683,
        0.5827366642706338,
        0.7247979016988767
      ]
    ],
    "t": [
      42.39896440696952,
      -118.03651768770807,
      360.7601972600362
    ]
  },
  "29": {
    "R": [
      [
        -0.8770444862178942,
        0.29660362725205214,
        -0.3779143520636873
      ],
      [
        -0.4799822096853611,
        -0.5741621827355164,
        0.6632909363936359
      ],
      [
        -0.020249631610202518,
        0.7631278242976822,
        0.6459302409721486
      ]
    ],
    "t": [
      109.39268539505272,
      -114.21583949694461,
      375.84724361338107
    ]
  },
  "30": {
    "R": [
      [
        -0.3579461319865239,
        -0.9137772281940315,
        -0.19205661620969616
      ],
      [
        0.5120871875337942,
        -0.36410274918251206,
        0.7779433786603398
      ],
      [
        -0.7807952862047863,
        0.18011209085391577,
        0.5982627815338476
      ]
    ],
    "t": [
      70.77466614813598,
      -131.73775415615145,
      380.4503863791148
    ]
  },
  "31": {
    "R": [
      [
        -0.07284947990455706,
        -0.947710774792399,
        -0.31070442645708557
      ],
      [
        0.3276547956542613,
        -0.31698243998156594,
        0.8900362170316989
      ],
      [
        -0.941984760047847,
        -0.036965119852692074,
        0.33361398614547966
      ]
    ],
    "t": [
      92.76274461829671,
      -154.98002380460815,
      433.0520810009574
    ]
  },
  "32": {
    "R": [
      [
        -0.4625962820104202,
        -0.8511369064494088,
        0.24813433126003864
      ],
      [
        0.8245635136793832,
        -0.31021826640469646,
        0.4731380761443478
      ],
      [
        -0.32572947637394706,
        0.42347443095019977,
        0.8453222548546555
      ]
    ],
    "t": [
      -10.224495279903433,
      -75.32461973890514,
      333.79164512157814
    ]
  },
  "33": {
    "R": [
      [
        -0.34278214314679123,
        -0.939022218082649,
        -0.027160196737772813
      ],
      [
        0.8343882661417766,
        -0.31761554328010577,
        0.4504626377312583
      ],
      [
        -0.43162092588822926,
        0.13174839890497755,
        0.8923820570368738
      ]
    ],
    "t": [
      38.34655673859051,
      -69.87229533202475,
      326.04574198818074
    ]
  },
  "34": {
    "R": [
      [
        -0.6024831556159772,
        -0.7969439460909714,
        -0.04352463656327732
      ],
      [
        0.4643045728203389,
        -0.39432255238338565,
        0.7930516933592507
      ],
      [
        -0.649180491741039,
        0.4575915989950027,
        0.6075974141420122
      ]
    ],
    "t": [
      42.8226409401153,
      -133.17400002609742,
      377.03660048907415
    ]
  },
  "35": {
    "R": [
      [
        -0.3778323761102363,
        -0.8827810583267715,
        -0.2791778978041747
      ],
      [
        0.7486618566385235,
        -0.46870290463618286,
        0.4688528677529486
      ],
      [
        -0.5447459224055299,
        -0.031862050233318506,
        0.8379956382806999
      ]
    ],
    "t": [
      85.50208527518669,
      -76.08652457747948,
      337.2739609112728
    ]
  },
  "36": {
    "R": [
      [
        -0.3579971880446561,
        -0.779147547185739,
        -0.5145552575443828
      ],
      [
        0.4805334144637376,
        -0.6262381615316642,
        0.6139327346096342
      ],
      [
        -0.8005783227991758,
        -0.027474802199255077,
        0.5985979320948001
      ]
    ],
    "t": [
      129.7340740842506,
      -103.99319663594152,
      382.4233975038777
    ]
  },
  "37": {
    "R": [
      [
        -0.08214738346980213,
        -0.8376261227175898,
        -0.5400317452985173
      ],
      [
        0.26602547239789764,
        -0.5406317442037718,
        0.7980900733593064
      ],
      [
        -0.960459398113497,
        -0.07810118885320977,
        0.2672413681958214
      ]
    ],
    "t": [
      134.95633488172288,
      -136.45971411296833,
      441.16926175407355
    ]
  },
  "38": {
    "R": [
      [
        0.17768104306648164,
        -0.9619375153371934,
        -0.20761903458429204
      ],
      [
        0.25488314503925186,
        -0.15879242913939956,
        0.9538446135628739
      ],
      [
        -0.9505072484256532,
        -0.22239869836605408,
        0.21696725479983864
      ]
    ],
    "t": [
      72.98160300304089,
      -166.40388148254377,
      454.7035194968239
    ]
  },
  "39": {
    "R": [
      [
        0.07652629704048475,
        -0.9940813079892223,
        0.07711082263669866
      ],
      [
        0.520042151236054,
        0.10577943058512929,
        0.8475652617957292
      ],
      [
        -0.850705522962587,
        -0.024760152897805587,
        0.5250590900359965
      ]
    ],
    "t": [
      19.631176264021423,
      -143.7215044473002,
      391.8174067665619
    ]
  },
  "40": {
    "R": [
      [
        0.055728400774278875,
        -0.970674027285824,
        0.2338509741263892
      ],
      [
        0.7269711568493086,
        0.19999424849417424,
        0.6568981943029137
      ],
      [
        -0.6844028656108326,
        0.13339502735098596,
        0.7167973801721867
      ]
    ],
    "t": [
      -8.944268614588905,
      -108.75565322592789,
      359.72007017696734
    ]
  },
  "41": {
    "R": [
      [
        -0.7107594258794472,
        0.6992843880514501,
        -0.07630454213890472
      ],
      [
        -0.4830470833677672,
        -0.4063420428841078,
        0.7755976143817511
      ],
      [
        0.5113575596130483,
        0.5881220016393531,
        0.626598721203857
      ]
    ],
    "t": [
      51.73371010608776,
      -131.6729918458598,
      375.0122580321466
    ]
  },
  "42": {
    "R": [
      [
        -0.6045693692469425,
        0.7948805975381924,
        -0.05158210373453681
      ],
      [
        -0.5841387186641941,
        -0.39839441761765526,
        0.7071519252384474
      ],
      [
        0.5415513227070059,
        0.457653497384665,
        0.7051775955075974
      ]
    ],
    "t": [
      46.477297366542636,
      -118.49305090954356,
      361.0010514338553
    ]
  },
  "43": {
    "R": [
      [
        -0.7348301704322014,
        0.6423711044289614,
        -0.21767862737829283
      ],
      [
        -0.4125840931731085,
        -0.16862290592775836,
        0.89517634109543
      ],
      [
        0.5383298121812548,
        0.7476133223740694,
        0.38894129830309904
      ]
    ],
    "t": [
      77.98850682235035,
      -155.1984101638016,
      421.80712570687024
    ]
  },
  "44": {
    "R": [
      [
        -0.6750156390831423,
        0.646164863724864,
        0.35612477571857387
      ],
      [
        -0.26050089632061346,
        -0.6603251718222594,
        0.7043507297320422
      ],
      [
        0.6902848470083445,
        0.3826769346920862,
        0.6140563440315024
      ]
    ],
    "t": [
      -28.749111836824287,
      -119.30242761303813,
      378.13441547764927
    ]
  },
  "45": {
    "R": [
      [
        -0.8659177149933963,
        -0.48624984766391066,
        -0.11725014502097145
      ],
      [
        0.09874428747582528,
        -0.39598170520789405,
        0.9129337625652477
      ],
      [
        -0.49034281533586965,
        0.7789477355942901,
        0.3909019680956098
      ]
    ],
    "t": [
      55.76139741644211,
      -157.33909411118697,
      420.521065790836
    ]
  },
  "46": {
    "R": [
      [
        -0.6681292534231658,
        0.5545473216932666,
        0.49606508516829484
      ],
      [
        -0.22635172233649797,
        -0.7866031769998132,
        0.5744739678428442
      ],
      [
        0.7087793722418168,
        0.2715376768270382,
        0.6510753347715386
      ]
    ],
    "t": [
      -55.502999147299285,
      -95.86494461459318,
      373.2151369475891
    ]
  },
  "47": {
    "R": [
      [
        -0.6693957626602328,
        0.44842190436986784,
        0.592306600177498
      ],
      [
        -0.25653420197177423,
        -0.8877643902763758,
        0.38218397477644195
      ],
      [
        0.6972083735521472,
        0.10388543227284633,
        0.7093012764758383
      ]
    ],
    "t": [
      -71.16775785311395,
      -60.39253590006904,
      360.36624664021474
    ]
  },
  "48": {
    "R": [
      [
        -0.8216195470155793,
        0.5196165634531646,
        0.2343927194838547
      ],
      [
        -0.04304607860099735,
        -0.46657156427476937,
        0.8834353459802652
      ],
      [
        0.5684086162955224,
        0.7157580613554538,
        0.40571177272257136
      ]
    ],
    "t": [
      -5.154490228779335,
      -153.11572783176098,
      419.190307420035
    ]
  },
  "49": {
    "R": [
      [
        -0.8972023430224397,
        0.3973844260783369,
        0.19264883489249396
      ],
      [
        0.055540794533241705,
        -0.3312335526391536,
        0.9419127102596406
      ],
      [
        0.43811319977565255,
        0.8557861599233983,
        0.2751124727559681
      ]
    ],
    "t": [
      1.0345585515088385,
      -162.38262977107007,
      439.55856571317514
    ]
  },
  "50": {
    "R": [
      [
        -0.9536500139701906,
        0.2817892371649122,
        0.10557687565310969
      ],
      [
        0.06434616373734817,
        -0.15177543666926954,
        0.9863182995545297
      ],
      [
        0.29395785763769217,
        0.9473959270768844,
        0.12660859090594487
      ]
    ],
    "t": [
      18.470336567593197,
      -171.3789636107729,
      469.54433034272057
    ]
  },
  "51": {
    "R": [
      [
        0.9997636230049132,
        0.005410922555975807,
        -0.0210575410051291
      ],
      [
        0.015590428312872372,
        0.4966434325623193,
        0.8678146342611065
      ],
      [
        0.015153767225038427,
        -0.8679377989290534,
        0.4964416788798853
      ]
    ],
    "t": [
      42.02283501532746,
      -147.6200160983027,
      397.84559036947155
    ]
  },
  "52": {
    "R": [
      [
        0.9416747571578589,
        0.27558751036287626,
        -0.1931325344515502
      ],
      [
        0.16800340096901628,
        0.11228310867225821,
        0.9793709005120266
      ],
      [
        0.2915879095479296,
        -0.9546957775327622,
        0.05943453008633104
      ]
    ],
    "t": [
      74.4486694475678,
      -168.03927302293343,
      478.4509067499059
    ]
  },
  "53": {
    "R": [
      [
        0.9247301904457009,
        -0.37605670548192893,
        -0.058782898366234515
      ],
      [
        0.08254907943912324,
        0.047385438895946375,
        0.9954598282524472
      ],
      [
        -0.37156389001356227,
        -0.9253842307078266,
        0.07486188078904443
      ]
    ],
    "t": [
      47.01729813297395,
      -170.900582109762,
      472.37530840821097
    ]
  },
  "54": {
    "R": [
      [
        0.712760286223573,
        -0.6494481970802564,
        0.26493360242086084
      ],
      [
        0.2734179322731892,
        0.6050982832927237,
        0.7477290297077226
      ],
      [
        -0.6459221382596697,
        -0.4605139594685519,
        0.6088608087573488
      ]
    ],
    "t": [
      -12.623551228221991,
      -122.61156434627787,
      374.9408722987058
    ]
  },
  "55": {
    "R": [
      [
        0.6888572156125324,
        -0.6307192761851086,
        0.3573078940452921
      ],
      [
        0.47326275422377195,
        0.764668442977748,
        0.4373837420143965
      ],
      [
        -0.5490884281817261,
        -0.13219442863645675,
        0.8252433162858104
      ]
    ],
    "t": [
      -29.342951603860865,
      -64.7370000465302,
      337.29705931764346
    ]
  },
  "56": {
    "R": [
      [
        -0.9510598677888144,
        -0.272114368955333,
        -0.14642027895603876
      ],
      [
        -0.07262461809525178,
        -0.26373171792983585,
        0.961858225418017
      ],
      [
        -0.3003511157429619,
        0.9254184735382252,
        0.231062450662455
      ]
    ],
    "t": [
      62.142466179517925,
      -164.0274442434351,
      446.0421174165772
    ]
  },
  "57": {
    "R": [
      [
        0.7743188627679414,
        -0.6264535464879478,
        0.08936583717749531
      ],
      [
        0.5642115526822583,
        0.7474214702810454,
        0.35075129305933483
      ],
      [
        -0.2865233368883539,
        -0.22117210460542455,
        0.9321948710236342
      ]
    ],
    "t": [
      19.682805759401496,
      -47.96178534175572,
      314.96154206778203
    ]
  },
  "58": {
    "R": [
      [
        0.7643508099104173,
        -0.5911861655860776,
        -0.2574233031582804
      ],
      [
        0.6409508660363515,
        0.6530514086546194,
        0.4033681258868481
      ],
      [
        -0.07035500491464791,
        -0.4733104428108976,
        0.8780816579394035
      ]
    ],
    "t": [
      86.30067288123085,
      -61.03850705000314,
      327.5574479261546
    ]
  },
  "59": {
    "R": [
      [
        0.48761794974974376,
        -0.6545750305967155,
        -0.5777198840278612
      ],
      [
        0.8425298418387563,
        0.17935530661884652,
        0.5079125314449527
      ],
      [
        -0.2288497338714136,
        -0.7344135097524885,
        0.6389558638904683
      ]
    ],
    "t": [
      142.27599595557712,
      -80.22593676759134,
      370.8596850305677
    ]
  },
  "60": {
    "R": [
      [
        0.8402783969527952,
        -0.5225503492539614,
        -0.1444761160503838
      ],
      [
        0.3816180717570695,
        0.3807901024843602,
        0.8422390071460517
      ],
      [
        -0.385097212302111,
        -0.762849939597896,
        0.5193843535693287
      ]
    ],
    "t": [
      62.246196090608095,
      -141.25963408892866,
      392.05519816444337
    ]
  },
  "61": {
    "R": [
      [
        -0.9804235660393172,
        -0.17868359329141614,
        -0.08271520200795102
      ],
      [
        0.05383642046421351,
        -0.6473465607469862,
        0.7602920952638197
      ],
      [
        -0.18939712507413825,
        0.740955196875976,
        0.6442935086093409
      ]
    ],
    "t": [
      51.6896748103418,
      -126.8812405822021,
      370.1941620397781
    ]
  },
  "62": {
    "R": [
      [
        -0.9653236721276184,
        0.19972804983081316,
        0.16810387901779966
      ],
      [
        -0.1571284547877312,
        -0.9587612638493199,
        0.23682797055684734
      ],
      [
        0.2084726762097871,
        0.20220174344657676,
        0.9568979037604243
      ]
    ],
    "t": [
      4.727985210641432,
      -29.995457458485973,
      312.41774283102865
    ]
  },
  "63": {
    "R": [
      [
        -0.31642687733735986,
        0.9373160973208353,
        0.14598823583345927
      ],
      [
        -0.860907376691661,
        -0.3483800046938582,
        0.37076928282611266
      ],
      [
        0.3983873994699256,
        -0.008360982761947716,
        0.9171791394873983
      ]
    ],
    "t": [
      10.910012654613837,
      -54.463344466640976,
      319.30986965531326
    ]
  },
  "64": {
    "R": [
      [
        0.9805192302459366,
        0.10729836838117215,
        0.16452689525015138
      ],
      [
        -0.17300559871080298,
        0.86839508383342,
        0.46471393479070955
      ],
      [
        -0.09301130002656996,
        -0.4841250236423289,
        0.8700412976121775
      ]
    ],
    "t": [
      5.968157142185121,
      -70.74056503295618,
      328.4127132210652
    ]
  },
  "65": {
    "R": [
      [
        -0.3631709500838424,
        -0.9138656965666127,
        0.18153883786677388
      ],
      [
        0.8288456051575054,
        -0.22788103374665675,
        0.5109649667733037
      ],
      [
        -0.4255840972431742,
        0.33603530037389623,
        0.8402133378353009
      ]
    ],
    "t": [
      1.7942218630867024,
      -78.85551396506824,
      333.24019572915853
    ]
  },
  "66": {
    "R": [
      [
        -0.951078280706971,
        -0.07635765652951071,
        0.29936534912510065
      ],
      [
        0.19533337490328062,
        -0.8993464959038521,
        0.3911786713949993
      ],
      [
        0.23936369109864292,
        0.43051758221329783,
        0.8702641178336893
      ]
    ],
    "t": [
      -18.99306011431291,
      -60.77349217310142,
      329.1638439956077
    ]
  },
  "67": {
    "R": [
      [
        -0.8244487613089192,
        -0.5422981941611685,
        -0.16185459087008985
      ],
      [
        -0.07255665945170778,
        -0.18234941702544955,
        0.9805530180870831
      ],
      [
        -0.5612662212759623,
        0.8201593495900746,
        0.1109904055970074
      ]
    ],
    "t": [
      65.0056995762808,
      -168.27618290029983,
      471.129941734835
    ]
  },
  "68": {
    "R": [
      [
        -0.1268962353184344,
        0.9496196442316027,
        0.28656565870922657
      ],
      [
        -0.8499451174341883,
        -0.25303425549590447,
        0.46213305756612705
      ],
      [
        0.511361557815791,
        -0.18492213722288026,
        0.8392336744632749
      ]
    ],
    "t": [
      -16.61661074090673,
      -72.42362495923197,
      334.3099954103584
    ]
  },
  "69": {
    "R": [
      [
        0.9457530591901899,
        0.17138737799842876,
        0.2760027494341688
      ],
      [
        -0.3055271718920314,
        0.7580572100034839,
        0.5761965060614224
      ],
      [
        -0.11047306580363371,
        -0.6292659477713357,
        0.7692984262998258
      ]
    ],
    "t": [
      -12.968007759539598,
      -92.07420277625074,
      346.01895760055686
    ]
  },
  "70": {
    "R": [
      [
        -0.83400958012002,
        0.4013937196195334,
        0.37856452834097365
      ],
      [
        0.09827935928323253,
        -0.5670703604824592,
        0.8177850413165868
      ],
      [
        0.5429265031354665,
        0.7192456382295895,
        0.43349339565996275
      ]
    ],
    "t": [
      -34.31320090330558,
      -137.6097186343366,
      409.1929975614415
    ]
  },
  "71": {
    "R": [
      [
        -0.7828759600033774,
        0.3417702152767874,
        0.5199022515804763
      ],
      [
        0.15965060205194936,
        -0.6972894525209008,
        0.6987840186120121
      ],
      [
        0.6013459208419398,
        0.6300639168788839,
        0.4913273289101662
      ]
    ],
    "t": [
      -60.34607493571618,
      -115.47862323436959,
      398.54850205705526
    ]
  }
}