{
  "0": {
    "R": [
      [
        -0.3163032568411885,
        0.9481148443909154,
        -0.03210127033696991
      ],
      [
        -0.598951924308147,
        -0.17334794145049737,
        0.7817973417468509
      ],
      [
        0.7356689758846873,
        0.2665121630253768,
        0.6227057289605662
      ]
    ],
    "t": [
      42.852737999058164,
      -128.89692724435199,
      370.84850148559184
    ]
  },
  "1": {
    "R": [
      [
        0.7321746644860994,
        0.6767934758733817,
        -0.07662148327913099
      ],
      [
        -0.39009818763970217,
        0.5088947941651405,
        0.7673652927203829
      ],
      [
        0.558340097686784,
        -0.531955523974369,
        0.636615783521165
      ]
    ],
    "t": [
      54.571794523594065,
      -128.86080456827912,
      373.7234898844036
    ]
  },
  "2": {
    "R": [
      [
        -0.7181965636534794,
        0.3317659230218001,
        0.6116576397608604
      ],
      [
        0.1426266293619636,
        -0.7901699858557522,
        0.5960612703821354
      ],
      [
        0.6810663261042778,
        0.5153278235979629,
        0.5201787132059598
      ]
    ],
    "t": [
      -77.27613956471578,
      -95.78328371431141,
      391.5841266356389
    ]
  },
  "3": {
    "R": [
      [
        -0.7468741734981754,
        0.610183648956685,
        0.26430074443202445
      ],
      [
        -0.453616711560866,
        -0.7581443748984131,
        0.46845382462159535
      ],
      [
        0.48622098674792247,
        0.22998482853396943,
        0.8430279536824845
      ]
    ],
    "t": [
      -13.63094053527754,
      -74.7784915521724,
      333.612737428376
    ]
  },
  "4": {
    "R": [
      [
        -0.6898063609904855,
        0.6938130836328864,
        0.20685886327854033
      ],
      [
        -0.6085320916569361,
        -0.7104235720638393,
        0.3535350642859766
      ],
      [
        0.3922446656880101,
        0.11799047942898054,
        0.912262226009288
      ]
    ],
    "t": [
      -1.6772140600175411,
      -52.75692662517979,
      321.0580261983601
    ]
  },
  "5": {
    "R": [
      [
        -0.6096069874562343,
        0.7806848742097531,
        -0.13751526469681857
      ],
      [
        -0.7384300213077574,
        -0.4961735723896733,
        0.45665401530424965
      ],
      [
        0.2882714423524449,
        0.3799248784196305,
        0.8789520250172187
      ]
    ],
    "t": [
      61.56389095119228,
      -72.41269243866913,
      327.75794893591444
    ]
  },
  "6": {
    "R": [
      [
        0.8669180938228152,
        -0.4396122143314223,
        -0.2349342878620324
      ],
      [
        0.44370713156191355,
        0.4658640308401493,
        0.7655682113113547
      ],
      [
        -0.22710570227036453,
        -0.767926953414185,
        0.598925032217132
      ]
    ],
    "t": [
      79.10760537712576,
      -128.13824189046554,
      379.7333994240199
    ]
  },
  "7": {
    "R": [
      [
        0.8787970581338047,
        -0.3005079432206942,
        -0.3706895017081524
      ],
      [
        0.4122592176029064,
        0.086881183323614,
        0.9069145480615735
      ],
      [
        -0.24032908296086372,
        -0.949814000763074,
        0.20023809786759766
      ]
    ],
    "t": [
      104.77778207495169,
      -153.2685358031439,
      449.7259206723711
    ]
  },
  "8": {
    "R": [
      [
        0.8704374955971128,
        -0.11520082289741637,
        -0.47860979582785856
      ],
      [
        0.47600364961293395,
        -0.05096615781834257,
        0.8779652477817121
      ],
      [
        -0.12553522140735462,
        -0.9920338810549738,
        0.010473157365978203
      ]
    ],
    "t": [
      124.95618208711754,
      -148.4571249608221,
      486.73036786591524
    ]
  },
  "9": {
    "R": [
      [
        0.05176877317285039,
        -0.9885492081531996,
        -0.14174080987443166
      ],
      [
        0.5826110499027849,
        -0.0853791967239304,
        0.8082541415284865
      ],
      [
        -0.811100708084608,
        -0.12442208737381882,
        0.571519715773821
      ]
    ],
    "t": [
      59.809932701370855,
      -137.26858942443027,
      385.2550934876045
    ]
  },
  "10": {
    "R": [
      [
        -0.20671193348248335,
        -0.9748362801829847,
        0.08345300111400747
      ],
      [
        0.7962196895648431,
        -0.11803898677876523,
        0.5933809935863359
      ],
      [
        -0.5685986128238426,
        0.18910585511623812,
        0.8005839075671943
      ]
    ],
    "t": [
      15.71361352061764,
      -95.12115856602628,
      341.72481611086636
    ]
  },
  "11": {
    "R": [
      [
        -0.3206625586779346,
        -0.9222915863723682,
        0.21576318770555072
      ],
      [
        0.8979957722990306,
        -0.2235556707198323,
        0.3789808108889864
      ],
      [
        -0.3012957291353263,
        0.31527938688684753,
        0.899899878769336
      ]
    ],
    "t": [
      -5.587922577930164,
      -58.26578008449795,
      325.01800750596294
    ]
  },
  "12": {
    "R": [
      [
        0.9368499005669326,
        -0.3261886177429455,
        -0.12614772872578853
      ],
      [
        0.2963798429524812,
        0.5490006525131894,
        0.7815096110935263
      ],
      [
        -0.18566435441190957,
        -0.7695448454736337,
        0.6110069380177038
      ]
    ],
    "t": [
      58.328190729193345,
      -129.77918009916996,
      375.3596334078271
    ]
  },
  "13": {
    "R": [
      [
        -0.0011483595447773776,
        -0.897772975482459,
        -0.44045699649764697
      ],
      [
        0.7061695729316222,
        -0.3125904215542495,
        0.6353044645035223
      ],
      [
        -0.7080418176463354,
        -0.31030777116583597,
        0.6343389248801976
      ]
    ],
    "t": [
      116.81551857423092,
      -104.44284257283758,
      372.63079878779274
    ]
  },
  "14": {
    "R": [
      [
        -0.3252812753228692,
        -0.8760600220720791,
        0.35596478709472934
      ],
      [
        0.7504569477343417,
        -0.010128541130196567,
        0.6608417225416607
      ],
      [
        -0.5753316100490075,
        0.4820956859189285,
        0.660739954972283
      ]
    ],
    "t": [
      -32.69479835286117,
      -109.31094002319344,
      370.7164403395107
    ]
  },
  "15": {
    "R": [
      [
        -0.35385679469115355,
        -0.729108046574011,
        0.585821496082154
      ],
      [
        0.8788385963091381,
        -0.044870005737039975,
        0.475004636001105
      ],
      [
        -0.32004388837827713,
        0.6829261592633483,
        0.656645848616684
      ]
    ],
    "t": [
      -73.92180149628003,
      -75.05172968877328,
      371.32580963816764
    ]
  },
  "16": {
    "R": [
      [
        0.217777374629301,
        -0.9707163793074141,
        -0.10140377726630134
      ],
      [
        0.11352063747649183,
        -0.07799918810440759,
        0.9904691774719616
      ],
      [
        -0.9693740660686668,
        -0.22721319855888167,
        0.09320988377925479
      ]
    ],
    "t": [
      54.00469195057602,
      -169.47078770915715,
      470.36388234893815
    ]
  },
  "17": {
    "R": [
      [
        0.3479243929432593,
        -0.9336894328745998,
        -0.08469155644674614
      ],
      [
        0.01512160104988347,
        -0.08473489244249666,
        0.996288781019061
      ],
      [
        -0.9374006368553163,
        -0.3479138412611181,
        -0.015362456905746391
      ]
    ],
    "t": [
      50.33381182500186,
      -170.90131321066764,
      491.431274601616
    ]
  },
  "18": {
    "R": [
      [
        -0.8152265550178539,
        0.5312874634900272,
        -0.23051961984190109
      ],
      [
        -0.2668684731206037,
        0.008643445768289473,
        0.9636941988512372
      ],
      [
        0.513991130320358,
        0.847147520791735,
        0.13473750765253578
      ]
    ],
    "t": [
      81.07313515414899,
      -165.1392268340626,
      467.962219223592
    ]
  },
  "19": {
    "R": [
      [
        -0.8332840760255167,
        0.5051421142298553,
        -0.22465327300908114
      ],
      [
        -0.18178921679848206,
        0.13339953083032202,
        0.9742470147914463
      ],
      [
        0.522101838052784,
        0.8526640660926447,
        -0.019330315472407586
      ]
    ],
    "t": [
      78.39623466720204,
      -166.5636676650514,
      492.98040021385447
    ]
  },
  "20": {
    "R": [
      [
        -0.5894908012889889,
        0.7679037910387729,
        0.2506478862945916
      ],
      [
        -0.6624702596495229,
        -0.6371376077604106,
        0.39394012724935107
      ],
      [
        0.4622053118210128,
        0.06617731095792401,
        0.8843001827653428
      ]
    ],
    "t": [
      -8.967058517710509,
      -58.886636317507985,
      324.33966810132523
    ]
  },
  "21": {
    "R": [
      [
        -0.8306350925269119,
        0.5275852759958372,
        -0.1780424657636621
      ],
      [
        -0.5395519346293524,
        -0.6836184026597141,
        0.49147694694940103
      ],
      [
        0.13758289465093962,
        0.504301156153124,
        0.852497091491866
      ]
    ],
    "t": [
      68.76880449100196,
      -75.76319491053157,
      330.19941837194233
    ]
  },
  "22": {
    "R": [
      [
        -0.7683763515500781,
        0.43287921054092005,
        -0.47139513304664116
      ],
      [
        -0.6394894565666873,
        -0.5486624119353136,
        0.5385376427598791
      ],
      [
        -0.025515041027473623,
        0.7152518065763931,
        0.6984009134233519
      ]
    ],
    "t": [
      123.81975119429443,
      -86.41940545656959,
      360.8459315925242
    ]
  },
  "23": {
    "R": [
      [
        -0.9700301525076458,
        0.23313980376105067,
        -0.06846411562455502
      ],
      [
        -0.1963530065632864,
        -0.5861349702281418,
        0.7860606169305352
      ],
      [
        0.14313280560218078,
        0.7759456350659589,
        0.6143462959785256
      ]
    ],
    "t": [
      50.82485277060567,
      -131.35788638413842,
      375.422165679347
    ]
  },
  "24": {
    "R": [
      [
        -0.8314959992474853,
        0.42556210694010976,
        -0.3570872391616933
      ],
      [
        -0.44813918759561333,
        -0.13395725944030884,
        0.8838703078983847
      ],
      [
        0.32830728255183356,
        0.8949594101298317,
        0.3020959821703925
      ]
    ],
    "t": [
      102.61992560900413,
      -148.91909710136042,
      432.3500657562953
    ]
  },
  "25": {
    "R": [
      [
        -0.26768219361702683,
        0.9459007809331821,
        -0.18335199985375916
      ],
      [
        -0.3701650390747236,
        0.07473208836898604,
        0.9259551602614559
      ],
      [
        0.8895639870561223,
        0.31573220868008767,
        0.3301349501867513
      ]
    ],
    "t": [
      70.81276040120342,
      -155.74985414208638,
      425.9278863609216
    ]
  },
  "26": {
    "R": [
      [
        0.19824510689320268,
        0.9594404566541517,
        0.2004317532931732
      ],
      [
        -0.9357128622754651,
        0.12438140176085183,
        0.3301071133257536
      ],
      [
        0.2917881371220547,
        -0.25298868953231557,
        0.9224187801663422
      ]
    ],
    "t": [
      -2.030237599912645,
      -48.302142018724304,
      317.16745961445565
    ]
  },
  "27": {
    "R": [
      [
        0.8271274569532469,
        0.3455673144844277,
        0.4432193600397837
      ],
      [
        -0.46073054791549395,
        0.8685489412778595,
        0.18262009424649334
      ],
      [
        -0.3218501703767508,
        -0.35525479274054844,
        0.8776140951826871
      ]
    ],
    "t": [
      -42.59660520048895,
      -17.628648702421486,
      325.88524146563554
    ]
  },
  "28": {
    "R": [
      [
        -0.8646816707806398,
        -0.5010552244287628,
        -0.03562681979412427
      ],
      [
        0.3424027208116759,
        -0.6398137573930825,
        0.6880397754718159
      ],
      [
        -0.3675404535513912,
        0.5827366625871309,
        0.724797900852403
      ]
    ],
    "t": [
      42.39896440992841,
      -118.03651778565332,
      360.76019747154476
    ]
  },
  "29": {
    "R": [
      [
        -0.8770444982630422,
        0.29660358845004453,
        -0.3779143545634191
      ],
      [
        -0.4799821842971126,
        -0.5741622746992533,
        0.6632908751592715
      ],
      [
        -0.02024971169922235,
        0.7631277701871008,
        0.6459303023897875
      ]
    ],
    "t": [
      109.39268380108716,
      -114.21583998663374,
      375.84723886213845
    ]
  },
  "30": {
    "R": [
      [
        -0.3579460699205627,
        -0.9137772472717438,
        -0.19205664111635828
      ],
      [
        0.5120871911444853,
        -0.36410273073265004,
        0.7779433849187087
      ],
      [
        -0.780795312290087,
        0.18011203136243092,
        0.5982627654002242
      ]
    ],
    "t": [
      70.77466619879962,
      -131.73775508038412,
      380.4503891449355
    ]
  },
  "31": {
    "R": [
      [
        -0.07284940228168021,
        -0.9477107776402569,
        -0.31070443597042696
      ],
      [
        0.3276548041802247,
        -0.3169824227634208,
        0.8900362200251462
      ],
      [
        -0.9419847630852742,
        -0.03696519448793956,
        0.33361396929932097
      ]
    ],
    "t": [
      92.76274399354028,
      -154.98002436783028,
      433.05208124983346
    ]
  },
  "32": {
    "R": [
      [
        -0.4625962830349296,
        -0.851136905090827,
        0.2481343340101818
      ],
      [
        0.8245635149375311,
        -0.3102182679895974,
        0.4731380729125472
      ],
      [
        -0.32572947173403255,
        0.4234744325197726,
        0.8453222558562653
      ]
    ],
    "t": [
      -10.2244952178249,
      -75.32461983700496,
      333.79164609268236
    ]
  },
  "33": {
    "R": [
      [
        -0.34278216580551474,
        -0.9390222110368583,
        -0.027160154364995
      ],
      [
        0.8343882594284583,
        -0.31761554337737813,
        0.4504626500976975
      ],
      [
        -0.4316209208711139,
        0.13174844888856407,
        0.8923820520840997
      ]
    ],
    "t": [
      38.34655696253726,
      -69.87229549535174,
      326.0457431341319
    ]
  },
  "34": {
    "R": [
      [
        -0.6024831322249724,
        -0.7969439625363339,
        -0.043524659232120066
      ],
      [
        0.46430456727292313,
        -0.39432254924549937,
        0.7930516981672973
      ],
      [
        -0.649180517417066,
        0.4575915730576958,
        0.6075974062425658
      ]
    ],
    "t": [
      42.82264136905358,
      -133.17400120036893,
      377.0366045756628
    ]
  },
  "35": {
    "R": [
      [
        -0.3778323686712449,
        -0.8827810606275819,
        -0.27917790059658754
      ],
      [
        0.7486618502485649,
        -0.46870290041521934,
        0.468852882176015
      ],
      [
        -0.5447459363470936,
        -0.031862048578247315,
        0.837995629280801
      ]
    ],
    "t": [
      85.50208587160348,
      -76.08652482762744,
      337.2739627530191
    ]
  },
  "36": {
    "R": [
      [
        -0.35799725488864886,
        -0.7791475347122312,
        -0.5145552299258496
      ],
      [
        0.4805334204858509,
        -0.6262381789445864,
        0.6139327121341038
      ],
      [
        -0.8005782892936579,
        -0.027474759034799734,
        0.5985979788870152
      ]
    ],
    "t": [
      129.7340770963529,
      -103.99319734336217,
      382.4234012657195
    ]
  },
  "37": {
    "R": [
      [
        -0.08214733093733884,
        -0.8376261172156136,
        -0.5400317618234752
      ],
      [
        0.26602545933776994,
        -0.5406317470838653,
        0.7980900757616125
      ],
      [
        -0.9604594062239175,
        -0.07810122792468016,
        0.26724132762852626
      ]
    ],
    "t": [
      134.9563350934102,
      -136.45971419488865,
      441.16926293012267
    ]
  },
  "38": {
    "R": [
      [
        0.17768109195458226,
        -0.9619375046813871,
        -0.20761904211601995
      ],
      [
        0.25488308830474427,
        -0.15879243881690397,
        0.9538446271122021
      ],
      [
        -0.950507254500492,
        -0.22239873754571132,
        0.2169671880262326
      ]
    ],
    "t": [
      72.98160354576052,
      -166.40388247585616,
      454.7035258438891
    ]
  },
  "39": {
    "R": [
      [
        0.07652633374358281,
        -0.9940813060794543,
        0.07711081083176446
      ],
      [
        0.5200421710661564,
        0.10577944041174442,
        0.8475652484021374
      ],
      [
        -0.8507055075386338,
        -0.024760187591062188,
        0.5250591133899982
      ]
    ],
    "t": [
      19.63117629122864,
      -143.721505038116,
      391.81740609415425
    ]
  },
  "40": {
    "R": [
      [
        0.05572848743405906,
        -0.9706740347586771,
        0.23385092245621503
      ],
      [
        0.7269711482555337,
        0.1999942766240695,
        0.6568981952491926
      ],
      [
        -0.684402867682729,
        0.13339493079920967,
        0.7167973961620754
      ]
    ],
    "t": [
      -8.94426879208717,
      -108.75565323362586,
      359.7200697920936
    ]
  },
  "41": {
    "R": [
      [
        -0.7107594255567686,
        0.6992843868341188,
        -0.07630455630067406
      ],
      [
        -0.4830471017693754,
        -0.40634204790234785,
        0.7755976002920152
      ],
      [
        0.51135754267872,
        0.5881219996195998,
        0.6265987369194297
      ]
    ],
    "t": [
      51.7337101235377,
      -131.67299184771412,
      375.0122580192001
    ]
  },
  "42": {
    "R": [
      [
        -0.6045694038646846,
        0.794880568219972,
        -0.05158214979035175
      ],
      [
        -0.5841387148165369,
        -0.3983944134955387,
        0.7071519307390954
      ],
      [
        0.5415512882111762,
        0.4576535518947058,
        0.7051775866226716
      ]
    ],
    "t": [
      46.47729667711506,
      -118.49304997766676,
      361.00104864189325
    ]
  },
  "43": {
    "R": [
      [
        -0.7348302118812149,
        0.6423710504929623,
        -0.21767864662197975
      ],
      [
        -0.41258406978344775,
        -0.1686228883602932,
        0.8951763551848089
      ],
      [
        0.538329773528769,
        0.7476133726797562,
        0.3889412551052717
      ]
    ],
    "t": [
      77.98850576121633,
      -155.19841062798778,
      421.80712927968875
    ]
  },
  "44": {
    "R": [
      [
        -0.67501564156127,
        0.6461648727711317,
        0.35612475460755916
      ],
      [
        -0.26050090268417314,
        -0.6603251547410152,
        0.7043507433920868
      ],
      [
        0.6902848421835424,
        0.3826769488915182,
        0.614056340606235
      ]
    ],
    "t": [
      -28.749111639133492,
      -119.30242707307752,
      378.1344140359529
    ]
  },
  "45": {
    "R": [
      [
        -0.8659177069892124,
        -0.48624985700002676,
        -0.11725016541565203
      ],
      [
        0.09874428638202837,
        -0.39598172978108853,
        0.9129337520250201
      ],
      [
        -0.49034282969107257,
        0.7789477172744205,
        0.3909019865944931
      ]
    ],
    "t": [
      55.761397465888635,
      -157.33909478540252,
      420.5210655254193
    ]
  },
  "46": {
    "R": [
      [
        -0.6681292572532297,
        0.5545473342445195,
        0.49606506597879396
      ],
      [
        -0.22635173035539363,
        -0.7866031638375278,
        0.5744739827058409
      ],
      [
        0.7087793660705475,
        0.27153768932339567,
        0.6510753362780256
      ]
    ],
    "t": [
      -55.50299880170334,
      -95.86494415711478,
      373.2151352206537
    ]
  },
  "47": {
    "R": [
      [
        -0.6693957687895951,
        0.4484219193011355,
        0.5923065819462697
      ],
      [
        -0.25653420908685864,
        -0.8877643811128879,
        0.3821839912861753
      ],
      [
        0.6972083650493351,
        0.1038854461295583,
        0.7093012828042085
      ]
    ],
    "t": [
      -71.16775733935498,
      -60.39253557306241,
      360.3662443706262
    ]
  },
  "48": {
    "R": [
      [
        -0.8216195499875837,
        0.519616567328634,
        0.23439270047466798
      ],
      [
        -0.04304610311792445,
        -0.4665715664350521,
        0.8834353436447416
      ],
      [
        0.5684086101428807,
        0.7157580571337977,
        0.4057117887903799
      ]
    ],
    "t": [
      -5.15448998565123,
      -153.11572867359968,
      419.1903094034583
    ]
  },
  "49": {
    "R": [
      [
        -0.8972023251871231,
        0.3973844680181321,
        0.19264883144406916
      ],
      [
        0.055540792570782066,
        -0.33123352175244763,
        0.9419127212369941
      ],
      [
        0.43811323654898693,
        0.8557861524034004,
        0.27511243758717
      ]
    ],
    "t": [
      1.034558978157046,
      -162.38262909537917,
      439.55856523798457
    ]
  },
  "50": {
    "R": [
      [
        -0.9536500161140244,
        0.28178923170708153,
        0.1055768708555702
      ],
      [
        0.06434614191911864,
        -0.15177549342676763,
        0.9863182922440331
      ],
      [
        0.29395785545864506,
        0.9473959196075282,
        0.12660865185744766
      ]
    ],
    "t": [
      18.47033627948528,
      -171.378964971786,
      469.54432912822415
    ]
  },
  "51": {
    "R": [
      [
        0.9997636248679147,
        0.005410878852764763,
        -0.021057463783859087
      ],
      [
        0.015590379376782648,
        0.49664363902062003,
        0.8678145169857695
      ],
      [
        0.015153694660241258,
        -0.8679376810637945,
        0.49644188716077076
      ]
    ],
    "t": [
      42.022832832117636,
      -147.62001128757416,
      397.8455610417002
    ]
  },
  "52": {
    "R": [
      [
        0.9416747620632187,
        0.2755875220909927,
        -0.19313249379875772
      ],
      [
        0.16800335955725948,
        0.11228310334274227,
        0.9793709082269073
      ],
      [
        0.29158791756630587,
        -0.9546957747740741,
        0.05943453506064933
      ]
    ],
    "t": [
      74.4486681870707,
      -168.03927101577537,
      478.4508998397888
    ]
  },
  "53": {
    "R": [
      [
        0.9247301800345731,
        -0.3760567369245639,
        -0.05878286099600599
      ],
      [
        0.08254900430486958,
        0.04738534514337467,
        0.99545983894576
      ],
      [
        -0.3715639326165835,
        -0.9253842227309114,
        0.07486176794069432
      ]
    ],
    "t": [
      47.017298043317574,
      -170.90057770254884,
      472.3753040195388
    ]
  },
  "54": {
    "R": [
      [
        0.7127602864223883,
        -0.6494481880712446,
        0.26493362397033016
      ],
      [
        0.2734179042436145,
        0.6050982883351884,
        0.7477290358765365
      ],
      [
        -0.6459221499051604,
        -0.460513965548063,
        0.6088607918047383
      ]
    ],
    "t": [
      -12.623551185810438,
      -122.61156393875488,
      374.94087043029907
    ]
  },
  "55": {
    "R": [
      [
        0.6888572128850611,
        -0.6307192688067618,
        0.3573079123278542
      ],
      [
        0.4732627401688991,
        0.7646684494297068,
        0.4373837459423855
      ],
      [
        -0.5490884437174497,
        -0.1321944265187903,
        0.8252433062881015
      ]
    ],
    "t": [
      -29.342951629016586,
      -64.73700028341966,
      337.2970599633859
    ]
  },
  "56": {
    "R": [
      [
        -0.9510598625949283,
        -0.2721143761129243,
        -0.14642029939045514
      ],
      [
        -0.07262462844101994,
        -0.26373174416014167,
        0.9618582174447821
      ],
      [
        -0.3003511296877712,
        0.9254184639582916,
        0.23106247090420395
      ]
    ],
    "t": [
      62.142466230819686,
      -164.02744508150616,
      446.04211738025583
    ]
  },
  "57": {
    "R": [
      [
        0.7743188642090579,
        -0.6264535427452822,
        0.08936585092684732
      ],
      [
        0.5642115443911073,
        0.7474214742043928,
        0.3507512980359929
      ],
      [
        -0.28652334932042833,
        -0.22117210194782078,
        0.9321948678330012
      ]
    ],
    "t": [
      19.682805907698107,
      -47.96178558821024,
      314.96154277773167
    ]
  },
  "58": {
    "R": [
      [
        0.764350812430476,
        -0.59118617663125,
        -0.2574232703098066
      ],
      [
        0.640950857692525,
        0.6530513963944022,
        0.40336815899440776
      ],
      [
        -0.07035505355045721,
        -0.47331044593104626,
        0.8780816523606825
      ]
    ],
    "t": [
      86.30067317025302,
      -61.03850750921842,
      327.557449385856
    ]
  },
  "59": {
    "R": [
      [
        0.4876179747580698,
        -0.6545750353417858,
        -0.5777198575435487
      ],
      [
        0.8425298233704392,
        0.17935532208096594,
        0.5079125566203395
      ],
      [
        -0.22884974857800267,
        -0.7344135017471647,
        0.6389558678244158
      ]
    ],
    "t": [
      142.27599595921802,
      -80.22593691919133,
      370.85968501543675
    ]
  },
  "60": {
    "R": [
      [
        0.8402784439365225,
        -0.5225502760360169,
        -0.1444761076105629
      ],
      [
        0.38161799347995007,
        0.3807900631608431,
        0.8422390603921774
      ],
      [
        -0.38509718735398885,
        -0.762850009381034,
        0.5193842695725421
      ]
    ],
    "t": [
      62.24619449016498,
      -141.25963297157807,
      392.05519791703256
    ]
  },
  "61": {
    "R": [
      [
        -0.9804235621850188,
        -0.17868360460055857,
        -0.08271522326264905
      ],
      [
        0.05383641465906047,
        -0.6473465726847762,
        0.7602920855105171
      ],
      [
        -0.18939714667622723,
        0.7409551837191133,
        0.6442935173899228
      ]
    ],
    "t": [
      51.6896749885378,
      -126.88124120408114,
      370.19416345855154
    ]
  },
  "62": {
    "R": [
      [
        -0.965323676815228,
        0.19972804421205909,
        0.16810385877532527
      ],
      [
        -0.1571284500385915,
        -0.9587612607534988,
        0.23682798624071202
      ],
      [
        0.20847265808349688,
        0.2022017636757573,
        0.9568979034348514
      ]
    ],
    "t": [
      4.727985151436571,
      -29.995457524272833,
      312.4177434889519
    ]
  },
  "63": {
    "R": [
      [
        -0.31642688477909037,
        0.9373160988738214,
        0.1459882097327064
      ],
      [
        -0.8609073853504308,
        -0.3483800009646388,
        0.37076926622491635
      ],
      [
        0.3983873748477541,
        -0.008360964049595104,
        0.9171791503529048
      ]
    ],
    "t": [
      10.91001279823994,
      -54.46334451915628,
      319.3098700371729
    ]
  },
  "64": {
    "R": [
      [
        0.9805192244103497,
        0.10729836034762125,
        0.1645269352672642
      ],
      [
        -0.17300561208707105,
        0.8683950773122722,
        0.4647139419967846
      ],
      [
        -0.09301133666443252,
        -0.48412503712008637,
        0.870041286195874
      ]
    ],
    "t": [
      5.968156977762726,
      -70.74056533246495,
      328.41271394040706
    ]
  },
  "65": {
    "R": [
      [
        -0.36317095084650874,
        -0.9138656963993236,
        0.18153883718318137
      ],
      [
        0.828845602200592,
        -0.22788103263600734,
        0.5109649720650963
      ],
      [
        -0.42558410235108685,
        0.3360353015820301,
        0.8402133347648639
      ]
    ],
    "t": [
      1.7942221389963082,
      -78.85551428256608,
      333.2401974257239
    ]
  },
  "66": {
    "R": [
      [
        -0.9510782821032052,
        -0.07635765291744395,
        0.2993653456106014
      ],
      [
        0.19533337686968638,
        -0.899346484365786,
        0.3911786969398842
      ],
      [
        0.23936368394620924,
        0.430517606956835,
        0.8702641075603769
      ]
    ],
    "t": [
      -18.993060223577203,
      -60.77349229611269,
      329.1638450634072
    ]
  },
  "67": {
    "R": [
      [
        -0.8244487387370256,
        -0.542298221495068,
        -0.16185461426296655
      ],
      [
        -0.07255662557980774,
        -0.18234950074816964,
        0.9805530050238817
      ],
      [
        -0.5612662588107351,
        0.8201593129021819,
        0.1109904868915415
      ]
    ],
    "t": [
      65.00569976315768,
      -168.27618595781973,
      471.1299427017161
    ]
  },
  "68": {
    "R": [
      [
        -0.12689624759007256,
        0.949619649092548,
        0.28656563716695804
      ],
      [
        -0.8499451262326286,
        -0.253034251631689,
        0.46213304350002055
      ],
      [
        0.5113615401464602,
        -0.18492211754827143,
        0.8392336895647738
      ]
    ],
    "t": [
      -16.616610697288046,
      -72.42362510273124,
      334.30999610956843
    ]
  },
  "69": {
    "R": [
      [
        0.9457530480874249,
        0.1713873594596768,
        0.27600279899085156
      ],
      [
        -0.30552718575707727,
        0.7580572243523921,
        0.5761964798317561
      ],
      [
        -0.11047312250817051,
        -0.629265935534879,
        0.7692984281660193
      ]
    ],
    "t": [
      -12.968007860792968,
      -92.07420246778273,
      346.0189559742042
    ]
  },
  "70": {
    "R": [
      [
        -0.8340095863177752,
        0.40139372010327273,
        0.3785645141738838
      ],
      [
        0.09827936099084766,
        -0.5670703394387164,
        0.8177850557035691
      ],
      [
        0.5429264933057548,
        0.7192456545510124,
        0.43349338089087547
      ]
    ],
    "t": [
      -34.31320100471437,
      -137.60971887495015,
      409.1929995831935
    ]
  },
  "71": {
    "R": [
      [
        -0.7828759768139951,
        0.3417702079093644,
        0.5199022311099686
      ],
      [
        0.159650594950534,
        -0.6972894461901228,
        0.6987840265517042
      ],
      [
        0.6013459008419979,
        0.6300639278814986,
        0.49132733927908423
      ]
    ],
    "t": [
      -60.34607510226762,
      -115.47862343473396,
      398.54850296316016
    ]
  }
}