{
 "cells": [
  {
   "cell_type": "code",
   "execution_count": 1,
   "id": "59100da8",
   "metadata": {},
   "outputs": [],
   "source": [
    "import cv2\n",
    "import numpy as np\n",
    "import glob\n",
    "import json\n",
    "import os\n",
    "import matplotlib.pyplot as plt\n",
    "from scipy.spatial.transform import Rotation as R\n",
    "from scipy.optimize import least_squares"
   ]
  },
  {
   "cell_type": "code",
   "execution_count": 2,
   "id": "9b30bf90",
   "metadata": {},
   "outputs": [
    {
     "name": "stdout",
     "output_type": "stream",
     "text": [
      "Camera intrinsics:\n",
      " [[647.21075439   0.         638.43243408]\n",
      " [  0.         646.50164795 361.19393921]\n",
      " [  0.           0.           1.        ]]\n",
      "Distortion: [-0.0549446   0.06270157  0.00046943  0.00102821 -0.02093403]\n"
     ]
    }
   ],
   "source": [
    "calib_path = (r\"E:\\Sanjay\\Dodeca\\realsense_color_intrinsics_1280x720.npz\")\n",
    "\n",
    "def load_camera_calibration(calib_path):\n",
    "    with np.load(calib_path) as f:\n",
    "        calib = dict(f)\n",
    "\n",
    "    K = np.array(calib[\"camera_matrix\"], dtype=np.float64)\n",
    "    D = np.array(calib[\"dist_coeffs\"], dtype=np.float64)\n",
    "    return K, D\n",
    "K, D = load_camera_calibration(calib_path)\n",
    "print(\"Camera intrinsics:\\n\", K)\n",
    "print(\"Distortion:\", D)"
   ]
  },
  {
   "cell_type": "code",
   "execution_count": 3,
   "id": "71093826",
   "metadata": {},
   "outputs": [],
   "source": [
    "def detect_aruco_markers(image, aruco_dict_type=cv2.aruco.DICT_6X6_250):\n",
    "    gray = cv2.cvtColor(image, cv2.COLOR_BGR2GRAY)\n",
    "\n",
    "    aruco_dict = cv2.aruco.getPredefinedDictionary(aruco_dict_type)\n",
    "    params = cv2.aruco.DetectorParameters()\n",
    "    detector = cv2.aruco.ArucoDetector(aruco_dict, params)\n",
    "\n",
    "    corners, ids, _ = detector.detectMarkers(gray)\n",
    "\n",
    "    return corners, ids\n",
    "def visualize_detections(image, corners, ids):\n",
    "    vis = image.copy()\n",
    "    if ids is not None:\n",
    "        cv2.aruco.drawDetectedMarkers(vis, corners, ids)\n",
    "    plt.imshow(cv2.cvtColor(vis, cv2.COLOR_BGR2RGB))\n",
    "    plt.title(\"Detected ArUco Markers\")\n",
    "    plt.show()"
   ]
  },
  {
   "cell_type": "code",
   "execution_count": 4,
   "id": "8697651e",
   "metadata": {},
   "outputs": [
    {
     "name": "stdout",
     "output_type": "stream",
     "text": [
      "Found 72 images to process\n",
      "\n",
      "[1/72]  dodeca_dataset\\dodeca_0.jpg\n",
      "   → Detected 4 markers  IDs: [5, 1, 8, 0]\n",
      "\n",
      "[2/72]  dodeca_dataset\\dodeca_1.jpg\n",
      "   → Detected 4 markers  IDs: [1, 6, 7, 0]\n",
      "\n",
      "[3/72]  dodeca_dataset\\dodeca_10.jpg\n",
      "   → Detected 3 markers  IDs: [5, 1, 8]\n",
      "\n",
      "[4/72]  dodeca_dataset\\dodeca_11.jpg\n",
      "   → Detected 3 markers  IDs: [5, 1, 0]\n",
      "\n",
      "[5/72]  dodeca_dataset\\dodeca_12.jpg\n",
      "   → Detected 3 markers  IDs: [0, 5, 1]\n",
      "\n",
      "[6/72]  dodeca_dataset\\dodeca_13.jpg\n",
      "   → Detected 4 markers  IDs: [5, 0, 2, 1]\n",
      "\n",
      "[7/72]  dodeca_dataset\\dodeca_14.jpg\n",
      "   → Detected 5 markers  IDs: [6, 4, 11, 7, 0]\n",
      "\n",
      "[8/72]  dodeca_dataset\\dodeca_15.jpg\n",
      "   → Detected 4 markers  IDs: [4, 6, 7, 11]\n",
      "\n",
      "[9/72]  dodeca_dataset\\dodeca_16.jpg\n",
      "   → Detected 3 markers  IDs: [4, 6, 7]\n",
      "\n",
      "[10/72]  dodeca_dataset\\dodeca_17.jpg\n",
      "   → Detected 5 markers  IDs: [11, 3, 2, 4, 0]\n",
      "\n",
      "[11/72]  dodeca_dataset\\dodeca_18.jpg\n",
      "   → Detected 3 markers  IDs: [2, 11, 0]\n",
      "\n",
      "[12/72]  dodeca_dataset\\dodeca_19.jpg\n",
      "   → Detected 4 markers  IDs: [2, 0, 11, 5]\n",
      "\n",
      "[13/72]  dodeca_dataset\\dodeca_2.jpg\n",
      "   → Detected 5 markers  IDs: [6, 11, 4, 7, 0]\n",
      "\n",
      "[14/72]  dodeca_dataset\\dodeca_20.jpg\n",
      "   → Detected 5 markers  IDs: [11, 3, 4, 6, 0]\n",
      "\n",
      "[15/72]  dodeca_dataset\\dodeca_21.jpg\n",
      "   → Detected 5 markers  IDs: [2, 11, 0, 3, 5]\n",
      "\n",
      "[16/72]  dodeca_dataset\\dodeca_22.jpg\n",
      "   → Detected 4 markers  IDs: [2, 5, 0, 9]\n",
      "\n",
      "[17/72]  dodeca_dataset\\dodeca_23.jpg\n",
      "   → Detected 3 markers  IDs: [3, 11, 4]\n",
      "\n",
      "[18/72]  dodeca_dataset\\dodeca_24.jpg\n",
      "   → Detected 3 markers  IDs: [3, 4, 11]\n",
      "\n",
      "[19/72]  dodeca_dataset\\dodeca_25.jpg\n",
      "   → Detected 3 markers  IDs: [5, 9, 8]\n",
      "\n",
      "[20/72]  dodeca_dataset\\dodeca_26.jpg\n",
      "   → Detected 3 markers  IDs: [9, 8, 5]\n",
      "\n",
      "[21/72]  dodeca_dataset\\dodeca_27.jpg\n",
      "   → Detected 4 markers  IDs: [0, 1, 5, 6]\n",
      "\n",
      "[22/72]  dodeca_dataset\\dodeca_28.jpg\n",
      "   → Detected 4 markers  IDs: [5, 2, 0, 1]\n",
      "\n",
      "[23/72]  dodeca_dataset\\dodeca_29.jpg\n",
      "   → Detected 4 markers  IDs: [2, 5, 9, 0]\n",
      "\n",
      "[24/72]  dodeca_dataset\\dodeca_3.jpg\n",
      "   → Detected 4 markers  IDs: [5, 2, 9, 0]\n",
      "\n",
      "[25/72]  dodeca_dataset\\dodeca_30.jpg\n",
      "   → Detected 4 markers  IDs: [5, 9, 8, 2]\n",
      "\n",
      "[26/72]  dodeca_dataset\\dodeca_31.jpg\n",
      "   → Detected 3 markers  IDs: [8, 1, 5]\n",
      "\n",
      "[27/72]  dodeca_dataset\\dodeca_32.jpg\n",
      "   → Detected 3 markers  IDs: [0, 1, 6]\n",
      "\n",
      "[28/72]  dodeca_dataset\\dodeca_33.jpg\n",
      "   → Detected 3 markers  IDs: [0, 11, 6]\n",
      "\n",
      "[29/72]  dodeca_dataset\\dodeca_34.jpg\n",
      "   → Detected 5 markers  IDs: [2, 0, 5, 11, 3]\n",
      "\n",
      "[30/72]  dodeca_dataset\\dodeca_35.jpg\n",
      "   → Detected 3 markers  IDs: [5, 2, 9]\n",
      "\n",
      "[31/72]  dodeca_dataset\\dodeca_36.jpg\n",
      "   → Detected 3 markers  IDs: [11, 2, 3]\n",
      "\n",
      "[32/72]  dodeca_dataset\\dodeca_37.jpg\n",
      "   → Detected 4 markers  IDs: [11, 3, 2, 4]\n",
      "\n",
      "[33/72]  dodeca_dataset\\dodeca_38.jpg\n",
      "   → Detected 4 markers  IDs: [2, 0, 11, 5]\n",
      "\n",
      "[34/72]  dodeca_dataset\\dodeca_39.jpg\n",
      "   → Detected 3 markers  IDs: [0, 11, 2]\n",
      "\n",
      "[35/72]  dodeca_dataset\\dodeca_4.jpg\n",
      "   → Detected 4 markers  IDs: [2, 11, 3, 9]\n",
      "\n",
      "[36/72]  dodeca_dataset\\dodeca_40.jpg\n",
      "   → Detected 5 markers  IDs: [11, 2, 0, 6, 3]\n",
      "\n",
      "[37/72]  dodeca_dataset\\dodeca_41.jpg\n",
      "   → Detected 3 markers  IDs: [11, 2, 3]\n",
      "\n",
      "[38/72]  dodeca_dataset\\dodeca_42.jpg\n",
      "   → Detected 4 markers  IDs: [3, 11, 4, 2]\n",
      "\n",
      "[39/72]  dodeca_dataset\\dodeca_43.jpg\n",
      "   → Detected 3 markers  IDs: [11, 3, 4]\n",
      "\n",
      "[40/72]  dodeca_dataset\\dodeca_44.jpg\n",
      "   → Detected 3 markers  IDs: [11, 3, 2]\n",
      "\n",
      "[41/72]  dodeca_dataset\\dodeca_45.jpg\n",
      "   → Detected 4 markers  IDs: [11, 2, 0, 3]\n",
      "\n",
      "[42/72]  dodeca_dataset\\dodeca_46.jpg\n",
      "   → Detected 6 markers  IDs: [5, 8, 1, 0, 9, 2]\n",
      "\n",
      "[43/72]  dodeca_dataset\\dodeca_47.jpg\n",
      "   → Detected 4 markers  IDs: [5, 1, 0, 8]\n",
      "\n",
      "[44/72]  dodeca_dataset\\dodeca_48.jpg\n",
      "   → Detected 3 markers  IDs: [5, 8, 9]\n",
      "\n",
      "[45/72]  dodeca_dataset\\dodeca_49.jpg\n",
      "   → Detected 4 markers  IDs: [5, 1, 8, 0]\n",
      "\n",
      "[46/72]  dodeca_dataset\\dodeca_5.jpg\n",
      "   → Detected 4 markers  IDs: [2, 9, 3, 5]\n",
      "\n",
      "[47/72]  dodeca_dataset\\dodeca_50.jpg\n",
      "   → Detected 4 markers  IDs: [1, 5, 8, 0]\n",
      "\n",
      "[48/72]  dodeca_dataset\\dodeca_51.jpg\n",
      "   → Detected 4 markers  IDs: [1, 5, 0, 8]\n",
      "\n",
      "[49/72]  dodeca_dataset\\dodeca_52.jpg\n",
      "   → Detected 4 markers  IDs: [5, 8, 9, 1]\n",
      "\n",
      "[50/72]  dodeca_dataset\\dodeca_53.jpg\n",
      "   → Detected 4 markers  IDs: [5, 9, 8, 2]\n",
      "\n",
      "[51/72]  dodeca_dataset\\dodeca_54.jpg\n",
      "   → Detected 4 markers  IDs: [9, 5, 8, 2]\n",
      "\n",
      "[52/72]  dodeca_dataset\\dodeca_55.jpg\n",
      "   → Detected 3 markers  IDs: [6, 4, 7]\n",
      "\n",
      "[53/72]  dodeca_dataset\\dodeca_56.jpg\n",
      "   → Detected 4 markers  IDs: [7, 6, 4, 1]\n",
      "\n",
      "[54/72]  dodeca_dataset\\dodeca_57.jpg\n",
      "   → Detected 3 markers  IDs: [4, 6, 11]\n",
      "\n",
      "[55/72]  dodeca_dataset\\dodeca_58.jpg\n",
      "   → Detected 5 markers  IDs: [11, 6, 4, 0, 3]\n",
      "\n",
      "[56/72]  dodeca_dataset\\dodeca_59.jpg\n",
      "   → Detected 4 markers  IDs: [11, 0, 2, 6]\n",
      "\n",
      "[57/72]  dodeca_dataset\\dodeca_6.jpg\n",
      "   → Detected 4 markers  IDs: [9, 2, 5, 3]\n",
      "\n",
      "[58/72]  dodeca_dataset\\dodeca_60.jpg\n",
      "   → Detected 4 markers  IDs: [0, 11, 6, 2]\n",
      "\n",
      "[59/72]  dodeca_dataset\\dodeca_61.jpg\n",
      "   → Detected 4 markers  IDs: [6, 0, 11, 1]\n",
      "\n",
      "[60/72]  dodeca_dataset\\dodeca_62.jpg\n",
      "   → Detected 4 markers  IDs: [6, 11, 4, 0]\n",
      "\n",
      "[61/72]  dodeca_dataset\\dodeca_63.jpg\n",
      "   → Detected 3 markers  IDs: [6, 11, 4]\n",
      "\n",
      "[62/72]  dodeca_dataset\\dodeca_64.jpg\n",
      "   → Detected 4 markers  IDs: [2, 5, 9, 0]\n",
      "\n",
      "[63/72]  dodeca_dataset\\dodeca_65.jpg\n",
      "   → Detected 4 markers  IDs: [0, 5, 1, 2]\n",
      "\n",
      "[64/72]  dodeca_dataset\\dodeca_66.jpg\n",
      "   → Detected 4 markers  IDs: [0, 1, 5, 6]\n",
      "\n",
      "[65/72]  dodeca_dataset\\dodeca_67.jpg\n",
      "   → Detected 4 markers  IDs: [6, 0, 11, 1]\n",
      "\n",
      "[66/72]  dodeca_dataset\\dodeca_68.jpg\n",
      "   → Detected 4 markers  IDs: [2, 0, 11, 5]\n",
      "\n",
      "[67/72]  dodeca_dataset\\dodeca_69.jpg\n",
      "   → Detected 4 markers  IDs: [5, 0, 2, 1]\n",
      "\n",
      "[68/72]  dodeca_dataset\\dodeca_7.jpg\n",
      "   → Detected 4 markers  IDs: [9, 2, 3, 5]\n",
      "\n",
      "[69/72]  dodeca_dataset\\dodeca_70.jpg\n",
      "   → Detected 4 markers  IDs: [1, 0, 6, 5]\n",
      "\n",
      "[70/72]  dodeca_dataset\\dodeca_71.jpg\n",
      "   → Detected 5 markers  IDs: [6, 11, 0, 1, 4]\n",
      "\n",
      "[71/72]  dodeca_dataset\\dodeca_8.jpg\n",
      "   → Detected 5 markers  IDs: [5, 8, 9, 1, 2]\n",
      "\n",
      "[72/72]  dodeca_dataset\\dodeca_9.jpg\n",
      "   → Detected 5 markers  IDs: [5, 8, 1, 9, 0]\n"
     ]
    }
   ],
   "source": [
    "image_paths = glob.glob(\"dodeca_dataset/*.jpg\")\n",
    "image_paths.sort()\n",
    "#image_paths = image_paths[:10]\n",
    "\n",
    "print(f\"Found {len(image_paths)} images to process\")\n",
    "\n",
    "for i, path in enumerate(image_paths, 1):\n",
    "    print(f\"\\n[{i}/{len(image_paths)}]  {path}\")\n",
    "    img = cv2.imread(path)\n",
    "    corners, ids = detect_aruco_markers(img)\n",
    "    if ids is not None and len(ids) > 0:\n",
    "        print(f\"   → Detected {len(ids)} markers  IDs: {ids.flatten().tolist()}\")\n",
    "    else:\n",
    "        print(\"   → No ArUco markers detected\")\n",
    "    #visualize_detections(img, corners, ids)"
   ]
  },
  {
   "cell_type": "code",
   "execution_count": 5,
   "id": "07129280",
   "metadata": {},
   "outputs": [],
   "source": [
    "def marker_3d_points(marker_size=20.0):\n",
    "    s = marker_size / 2\n",
    "    return np.array([\n",
    "        [-s, -s, 0],\n",
    "        [ s, -s, 0],\n",
    "        [ s,  s, 0],\n",
    "        [-s,  s, 0]\n",
    "    ], dtype=np.float64)"
   ]
  },
  {
   "cell_type": "code",
   "execution_count": 6,
   "id": "6edc7c18",
   "metadata": {},
   "outputs": [],
   "source": [
    "def estimate_marker_pose(corners, K, D, marker_size=20.0):\n",
    "    obj_pts = marker_3d_points(marker_size)\n",
    "    img_pts = corners.reshape(-1, 2)\n",
    "\n",
    "    success, rvec, tvec = cv2.solvePnP(\n",
    "        obj_pts, img_pts, K, D,\n",
    "        flags=cv2.SOLVEPNP_SQPNP\n",
    "    )\n",
    "\n",
    "    if not success:\n",
    "        return None\n",
    "\n",
    "    R_cam_marker, _ = cv2.Rodrigues(rvec)\n",
    "    return R_cam_marker, tvec.reshape(3)"
   ]
  },
  {
   "cell_type": "code",
   "execution_count": 7,
   "id": "2a600b41",
   "metadata": {},
   "outputs": [
    {
     "name": "stdout",
     "output_type": "stream",
     "text": [
      "Marker pose (cam):\n",
      "R_cam_marker:\n",
      " [[ 0.93197081  0.33351073  0.14213027]\n",
      " [-0.31472194  0.93888723 -0.13943056]\n",
      " [-0.17994588  0.08521369  0.97997863]]\n",
      "tvec:\n",
      " [-50.4409298  -91.20796008 383.34313328]\n"
     ]
    }
   ],
   "source": [
    "if ids is not None and len(corners) > 0:\n",
    "    # Take first detected marker\n",
    "    result = estimate_marker_pose(corners[0], K, D, marker_size=20.0)\n",
    "\n",
    "    if result is not None:\n",
    "        R_cam_marker, tvec = result\n",
    "        print(\"Marker pose (cam):\")\n",
    "        print(\"R_cam_marker:\\n\", R_cam_marker)\n",
    "        print(\"tvec:\\n\", tvec)\n",
    "    else:\n",
    "        print(\"Pose estimation failed.\")"
   ]
  },
  {
   "cell_type": "code",
   "execution_count": 8,
   "id": "98c360f9",
   "metadata": {},
   "outputs": [],
   "source": [
    "def collect_marker_observations(image_paths, K, D):\n",
    "    observations = []\n",
    "\n",
    "    for img_id, path in enumerate(image_paths):\n",
    "        img = cv2.imread(path)\n",
    "        corners, ids = detect_aruco_markers(img)\n",
    "\n",
    "        if ids is None:\n",
    "            continue\n",
    "\n",
    "        for i, marker_id in enumerate(ids.flatten()):\n",
    "            pose = estimate_marker_pose(corners[i], K, D)\n",
    "            if pose is None:\n",
    "                continue\n",
    "\n",
    "            observations.append({\n",
    "                \"image_id\": img_id,\n",
    "                \"marker_id\": int(marker_id),\n",
    "                \"corners_2d\": corners[i].reshape(-1, 2),\n",
    "                \"R_cam_marker\": pose[0],\n",
    "                \"t_cam_marker\": pose[1]\n",
    "            })\n",
    "\n",
    "    return observations"
   ]
  },
  {
   "cell_type": "code",
   "execution_count": 9,
   "id": "09d939d4",
   "metadata": {},
   "outputs": [
    {
     "name": "stdout",
     "output_type": "stream",
     "text": [
      "Collected 279 marker observations\n",
      "First observation: {'image_id': 1, 'marker_id': 1, 'corners_2d': array([[696., 155.],\n",
      "       [728., 164.],\n",
      "       [716., 199.],\n",
      "       [685., 189.]], dtype=float32), 'R_cam_marker': array([[ 0.85687708, -0.30450366,  0.41597979],\n",
      "       [ 0.3725525 ,  0.92349856, -0.0914059 ],\n",
      "       [-0.3563233 ,  0.23329794,  0.90476835]]), 't_cam_marker': array([  38.40115206, -104.92705701,  366.10136812])}\n"
     ]
    }
   ],
   "source": [
    "observations = collect_marker_observations(image_paths, K, D)\n",
    "print(f\"Collected {len(observations)} marker observations\")\n",
    "print(\"First observation:\", observations[4])"
   ]
  },
  {
   "cell_type": "code",
   "execution_count": 10,
   "id": "42a9d481",
   "metadata": {},
   "outputs": [
    {
     "name": "stdout",
     "output_type": "stream",
     "text": [
      "[0, 1, 2, 3, 4, 5, 6, 7, 8, 9, 11]\n"
     ]
    }
   ],
   "source": [
    "marker_ids = sorted(set(obs[\"marker_id\"] for obs in observations))\n",
    "print(marker_ids)"
   ]
  },
  {
   "cell_type": "code",
   "execution_count": 11,
   "id": "f7438f3f",
   "metadata": {},
   "outputs": [],
   "source": [
    "def initialize_marker_object_poses(marker_ids):\n",
    "    poses = {}\n",
    "    for mid in marker_ids:\n",
    "        poses[mid] = {\n",
    "            \"R\": np.eye(3),\n",
    "            \"t\": np.zeros(3)\n",
    "        }\n",
    "    return poses    "
   ]
  },
  {
   "cell_type": "code",
   "execution_count": 12,
   "id": "27a0b806",
   "metadata": {},
   "outputs": [
    {
     "name": "stdout",
     "output_type": "stream",
     "text": [
      "{0: {'R': array([[1., 0., 0.],\n",
      "       [0., 1., 0.],\n",
      "       [0., 0., 1.]]), 't': array([0., 0., 0.])}, 1: {'R': array([[1., 0., 0.],\n",
      "       [0., 1., 0.],\n",
      "       [0., 0., 1.]]), 't': array([0., 0., 0.])}, 2: {'R': array([[1., 0., 0.],\n",
      "       [0., 1., 0.],\n",
      "       [0., 0., 1.]]), 't': array([0., 0., 0.])}, 3: {'R': array([[1., 0., 0.],\n",
      "       [0., 1., 0.],\n",
      "       [0., 0., 1.]]), 't': array([0., 0., 0.])}, 4: {'R': array([[1., 0., 0.],\n",
      "       [0., 1., 0.],\n",
      "       [0., 0., 1.]]), 't': array([0., 0., 0.])}, 5: {'R': array([[1., 0., 0.],\n",
      "       [0., 1., 0.],\n",
      "       [0., 0., 1.]]), 't': array([0., 0., 0.])}, 6: {'R': array([[1., 0., 0.],\n",
      "       [0., 1., 0.],\n",
      "       [0., 0., 1.]]), 't': array([0., 0., 0.])}, 7: {'R': array([[1., 0., 0.],\n",
      "       [0., 1., 0.],\n",
      "       [0., 0., 1.]]), 't': array([0., 0., 0.])}, 8: {'R': array([[1., 0., 0.],\n",
      "       [0., 1., 0.],\n",
      "       [0., 0., 1.]]), 't': array([0., 0., 0.])}, 9: {'R': array([[1., 0., 0.],\n",
      "       [0., 1., 0.],\n",
      "       [0., 0., 1.]]), 't': array([0., 0., 0.])}, 11: {'R': array([[1., 0., 0.],\n",
      "       [0., 1., 0.],\n",
      "       [0., 0., 1.]]), 't': array([0., 0., 0.])}}\n"
     ]
    }
   ],
   "source": [
    "marker_obj_poses = initialize_marker_object_poses(marker_ids)\n",
    "print(marker_obj_poses)"
   ]
  },
  {
   "cell_type": "code",
   "execution_count": 13,
   "id": "c7291778",
   "metadata": {},
   "outputs": [],
   "source": [
    "def initialize_object_camera_poses(observations, marker_obj_poses):\n",
    "    obj_cam_poses = {}\n",
    "\n",
    "    for obs in observations:\n",
    "        img_id = obs[\"image_id\"]\n",
    "        mid = obs[\"marker_id\"]\n",
    "\n",
    "        if img_id in obj_cam_poses:\n",
    "            continue\n",
    "\n",
    "        R_cm = obs[\"R_cam_marker\"]\n",
    "        t_cm = obs[\"t_cam_marker\"]\n",
    "\n",
    "        R_om = marker_obj_poses[mid][\"R\"]\n",
    "        t_om = marker_obj_poses[mid][\"t\"]\n",
    "\n",
    "        R_co = R_cm @ R_om.T\n",
    "        t_co = t_cm - R_co @ t_om\n",
    "\n",
    "        obj_cam_poses[img_id] = {\"R\": R_co, \"t\": t_co}\n",
    "\n",
    "    return obj_cam_poses"
   ]
  },
  {
   "cell_type": "code",
   "execution_count": 14,
   "id": "7e18e79d",
   "metadata": {},
   "outputs": [
    {
     "name": "stdout",
     "output_type": "stream",
     "text": [
      "{0: {'R': array([[ 0.67557775, -0.42778045,  0.60049861],\n",
      "       [ 0.57508397,  0.81541961, -0.06610068],\n",
      "       [-0.46138177,  0.38999327,  0.79688902]]), 't': array([  24.76882128, -105.60978062,  364.6034434 ])}, 1: {'R': array([[ 0.85687708, -0.30450366,  0.41597979],\n",
      "       [ 0.3725525 ,  0.92349856, -0.0914059 ],\n",
      "       [-0.3563233 ,  0.23329794,  0.90476835]]), 't': array([  38.40115206, -104.92705701,  366.10136812])}, 2: {'R': array([[ 0.87047379,  0.42745685,  0.24404102],\n",
      "       [-0.34496363,  0.88346491, -0.31700134],\n",
      "       [-0.35110607,  0.19175608,  0.91649012]]), 't': array([-66.65170581, -70.70339789, 379.16485018])}, 3: {'R': array([[ 9.61664899e-01,  3.84626111e-04,  2.74227049e-01],\n",
      "       [ 1.71234670e-01,  7.80240963e-01, -6.01583516e-01],\n",
      "       [-2.14194562e-01,  6.25478930e-01,  7.50264486e-01]]), 't': array([-13.92138155, -44.37324134, 332.50794287])}, 4: {'R': array([[-0.6804657 ,  0.70092937,  0.21369239],\n",
      "       [-0.60095044, -0.70066349,  0.38461572],\n",
      "       [ 0.41931491,  0.13329927,  0.89800129]]), 't': array([ -1.63669335, -52.33974663, 318.20386474])}, 5: {'R': array([[ 0.8553915 , -0.43576559,  0.28002453],\n",
      "       [ 0.51593411,  0.66874995, -0.53533681],\n",
      "       [ 0.04601497,  0.60239677,  0.79686935]]), 't': array([ 48.80206392, -43.88611665, 322.04382691])}, 6: {'R': array([[ 0.81046488, -0.40293545,  0.42519371],\n",
      "       [ 0.47037079,  0.88026012, -0.06239744],\n",
      "       [-0.34913893,  0.25056964,  0.90294898]]), 't': array([  62.79910409, -104.07645735,  367.37808438])}, 7: {'R': array([[ 0.91603073, -0.40107979, -0.00476564],\n",
      "       [ 0.30412831,  0.7022506 , -0.6437003 ],\n",
      "       [ 0.26152185,  0.58819989,  0.76526284]]), 't': array([  92.76149458, -108.57963341,  433.70972571])}, 8: {'R': array([[ 0.83628214, -0.53955641, -0.09752468],\n",
      "       [ 0.4038062 ,  0.72639821, -0.55613505],\n",
      "       [ 0.37090798,  0.42570474,  0.82535008]]), 't': array([ 113.56355724, -108.28848343,  467.97174444])}, 9: {'R': array([[ 0.90073812, -0.26752698,  0.342199  ],\n",
      "       [ 0.30562252,  0.95015535, -0.06164151],\n",
      "       [-0.30865144,  0.16010658,  0.93760342]]), 't': array([  48.19080017, -109.50822126,  367.88363762])}, 10: {'R': array([[ 0.3428526 , -0.79932506, -0.49348916],\n",
      "       [ 0.8183775 ,  0.51206943, -0.26085086],\n",
      "       [ 0.46120534, -0.31442703,  0.82971397]]), 't': array([ 33.03796448, -70.34600512, 335.77288816])}, 11: {'R': array([[ 0.39947143, -0.86072565, -0.31555338],\n",
      "       [ 0.69664828,  0.50875878, -0.50581189],\n",
      "       [ 0.59590582, -0.01777232,  0.80285764]]), 't': array([ 11.47578177, -34.11968623, 326.84930083])}, 12: {'R': array([[ 0.97293544, -0.22609364, -0.04773158],\n",
      "       [ 0.19014246,  0.9006964 , -0.39063007],\n",
      "       [ 0.13131064,  0.37098203,  0.91930944]]), 't': array([  47.18235024, -104.17434246,  367.16756986])}, 13: {'R': array([[ 0.8146334 , -0.48759907,  0.31403753],\n",
      "       [ 0.57554841,  0.74643178, -0.33404135],\n",
      "       [-0.07152934,  0.45286504,  0.88870513]]), 't': array([100.37775013, -80.22764575, 361.73251715])}, 14: {'R': array([[ 0.50066993, -0.80316982, -0.32287439],\n",
      "       [ 0.82845874,  0.55272598, -0.09027799],\n",
      "       [ 0.25096961, -0.22228863,  0.94212633]]), 't': array([-14.36929496, -86.17332621, 355.5000569 ])}, 15: {'R': array([[ 0.67125135, -0.67297209, -0.3106931 ],\n",
      "       [ 0.72743958,  0.67857678,  0.10180969],\n",
      "       [ 0.14231404, -0.29435035,  0.94504211]]), 't': array([-54.50285859, -52.5980846 , 355.94841141])}, 16: {'R': array([[ 0.90182607, -0.25704868, -0.34732652],\n",
      "       [ 0.03854699,  0.84846591, -0.52784441],\n",
      "       [ 0.43037642,  0.46263546,  0.77507714]]), 't': array([  61.21228617, -124.43497779,  452.86611918])}, 17: {'R': array([[ 0.81378336, -0.30217405, -0.49643477],\n",
      "       [ 0.05856676,  0.89249248, -0.44724389],\n",
      "       [ 0.5782098 ,  0.33488506,  0.74399289]]), 't': array([  60.4713583 , -126.4099338 ,  464.63851355])}, 18: {'R': array([[ 0.91639078, -0.40004477, -0.01386054],\n",
      "       [ 0.38401387,  0.86884161,  0.31248617],\n",
      "       [-0.11296585, -0.29168209,  0.94982118]]), 't': array([  76.23238697, -148.03513196,  445.72002308])}, 19: {'R': array([[ 0.87764605,  0.04509599, -0.47718315],\n",
      "       [-0.16314079,  0.96422716, -0.20892836],\n",
      "       [ 0.45069112,  0.26121318,  0.85360716]]), 't': array([  53.83969109, -129.77694753,  472.8371889 ])}, 20: {'R': array([[-0.57190507,  0.777989  ,  0.26011095],\n",
      "       [-0.65111483, -0.62338735,  0.43294074],\n",
      "       [ 0.49897301,  0.0782389 ,  0.86307857]]), 't': array([ -8.84414776, -58.13768433, 320.11983757])}, 21: {'R': array([[ 0.94246783, -0.33422868, -0.00675121],\n",
      "       [ 0.26059154,  0.74717377, -0.611411  ],\n",
      "       [ 0.20939541,  0.57447589,  0.79128441]]), 't': array([ 64.24349926, -45.48824691, 327.13454389])}, 22: {'R': array([[-0.79096682, -0.26953543,  0.54929239],\n",
      "       [ 0.47015734, -0.84226098,  0.26372053],\n",
      "       [ 0.39156552,  0.46684804,  0.79292455]]), 't': array([ 95.00824337, -76.10665929, 352.56026607])}, 23: {'R': array([[ 0.85348604, -0.10354522,  0.51072494],\n",
      "       [ 0.26743655,  0.92818765, -0.25873803],\n",
      "       [-0.4472575 ,  0.35741582,  0.81988698]]), 't': array([  56.73686563, -103.68458001,  365.24591237])}, 24: {'R': array([[ 0.87822217, -0.44571776, -0.17338252],\n",
      "       [ 0.46532562,  0.88007451,  0.09455643],\n",
      "       [ 0.11044406, -0.16372088,  0.98030484]]), 't': array([  98.55748277, -127.14718187,  413.32647098])}, 25: {'R': array([[ 0.97249215, -0.14053311,  0.18576724],\n",
      "       [ 0.23096892,  0.68517861, -0.69078479],\n",
      "       [-0.0302056 ,  0.71468924,  0.6987896 ]]), 't': array([  59.03439613, -107.70089467,  412.6494158 ])}, 26: {'R': array([[ 0.1927951 ,  0.95116804,  0.24105893],\n",
      "       [-0.93681131,  0.1053396 ,  0.33359878],\n",
      "       [ 0.29191544, -0.29014294,  0.91137393]]), 't': array([ -1.99304944, -47.85239369, 314.76036475])}, 27: {'R': array([[ 0.82878076,  0.3354991 ,  0.44784239],\n",
      "       [-0.4562207 ,  0.86854767,  0.19361718],\n",
      "       [-0.32401408, -0.36478116,  0.87289724]]), 't': array([-42.0905806 , -17.36845307, 322.18969493])}, 28: {'R': array([[-0.13484544, -0.97846454,  0.15628129],\n",
      "       [ 0.90938221, -0.18484267, -0.37263545],\n",
      "       [ 0.39349803,  0.09187123,  0.91472344]]), 't': array([ 38.26244925, -88.07446732, 348.97640751])}, 29: {'R': array([[ 0.84818514, -0.40464201, -0.34182863],\n",
      "       [ 0.28015662,  0.89036949, -0.35882369],\n",
      "       [ 0.44954892,  0.20858336,  0.86856131]]), 't': array([108.17326929, -84.94474735, 367.97547421])}, 30: {'R': array([[ 0.68269068, -0.46323848,  0.5651049 ],\n",
      "       [ 0.51672019,  0.85287225,  0.07489439],\n",
      "       [-0.51665625,  0.2408714 ,  0.82161261]]), 't': array([  50.61525963, -110.59671176,  373.43857412])}, 31: {'R': array([[ 0.81893215, -0.47290433,  0.32513324],\n",
      "       [ 0.42294349,  0.88026788,  0.21505176],\n",
      "       [-0.38790326, -0.03859982,  0.92089148]]), 't': array([  78.37311738, -138.48524308,  423.97203263])}, 32: {'R': array([[ 0.36096671, -0.9144019 , -0.18322718],\n",
      "       [ 0.76223119,  0.40248128, -0.50696394],\n",
      "       [ 0.5373143 ,  0.04333564,  0.84226799]]), 't': array([  3.63103997, -48.56533068, 328.56069622])}, 33: {'R': array([[-0.33918009, -0.94031946, -0.02749872],\n",
      "       [ 0.83133382, -0.3132928 ,  0.45905524],\n",
      "       [-0.44027372,  0.13284178,  0.88798204]]), 't': array([ 37.6250162 , -68.68982232, 320.34556732])}, 34: {'R': array([[ 0.03777036, -0.99582296, -0.08312665],\n",
      "       [ 0.97791056,  0.05394813, -0.20194189],\n",
      "       [ 0.2055829 , -0.07366301,  0.97586343]]), 't': array([  49.27761087, -106.12929417,  367.76168094])}, 35: {'R': array([[ 0.66784789, -0.52850239,  0.52408436],\n",
      "       [ 0.71591511,  0.64872805, -0.25810361],\n",
      "       [-0.20357985,  0.54757386,  0.81161451]]), 't': array([ 63.52263417, -55.62973364, 338.02707826])}, 36: {'R': array([[ 0.51970831, -0.76779555,  0.37469089],\n",
      "       [ 0.74905779,  0.62041958,  0.23236174],\n",
      "       [-0.41087188,  0.1599048 ,  0.89756045]]), 't': array([102.65472019, -86.79131698, 363.74152855])}, 37: {'R': array([[ 0.65526075, -0.69021047,  0.30699   ],\n",
      "       [ 0.6037484 ,  0.72276042,  0.33631122],\n",
      "       [-0.45400575, -0.03502682,  0.89031   ]]), 't': array([116.62132243, -94.08554919, 434.24432895])}, 38: {'R': array([[ 0.95293878, -0.28173002,  0.11196373],\n",
      "       [ 0.23314499,  0.91710752,  0.32335306],\n",
      "       [-0.19378104, -0.28203189,  0.93963127]]), 't': array([  64.59287632, -146.91284469,  435.23110908])}, 39: {'R': array([[ 0.90439919, -0.05485543,  0.42314654],\n",
      "       [ 0.11098381,  0.98781001, -0.10915113],\n",
      "       [-0.41200085,  0.14567861,  0.89946264]]), 't': array([  12.93967376, -117.12900552,  381.67580591])}, 40: {'R': array([[ 0.91247841,  0.07040119,  0.40302212],\n",
      "       [ 0.10325012,  0.9135714 , -0.39335316],\n",
      "       [-0.39588202,  0.40053835,  0.82634524]]), 't': array([-13.53992524, -80.48848263, 362.10172424])}, 41: {'R': array([[ 0.94068247, -0.32754004, -0.08850991],\n",
      "       [ 0.28037645,  0.89733625, -0.34084704],\n",
      "       [ 0.1910642 ,  0.29581275,  0.93594299]]), 't': array([  43.11486476, -102.73336898,  358.13038916])}, 42: {'R': array([[ 0.81648326, -0.35234976,  0.45738905],\n",
      "       [ 0.48592191,  0.8472023 , -0.21477467],\n",
      "       [-0.31182525,  0.39761528,  0.86294096]]), 't': array([ 34.4752008 , -89.50873186, 347.02113654])}, 43: {'R': array([[ 0.89141631, -0.43298209,  0.13380383],\n",
      "       [ 0.43155102,  0.90115425,  0.04104547],\n",
      "       [-0.13834985,  0.02115458,  0.99015746]]), 't': array([  70.99937589, -135.66938684,  412.51533794])}, 44: {'R': array([[ 0.91002941,  0.0622987 ,  0.40983575],\n",
      "       [ 0.07328692,  0.94889267, -0.30697186],\n",
      "       [-0.40801408,  0.30938902,  0.85895456]]), 't': array([-29.1926355 , -89.16835723, 364.45948698])}, 45: {'R': array([[-0.21010318, -0.96359297,  0.16536396],\n",
      "       [ 0.9767911 , -0.19968023,  0.07750447],\n",
      "       [-0.04166285,  0.17780998,  0.98318249]]), 't': array([  50.40857003, -133.56805673,  401.9718508 ])}, 46: {'R': array([[ 0.35031923,  0.81367554, -0.46390575],\n",
      "       [-0.84896746,  0.4850631 ,  0.20968558],\n",
      "       [ 0.39563958,  0.320384  ,  0.86071099]]), 't': array([-28.68388397, -85.26458683, 366.12015052])}, 47: {'R': array([[ 0.24826572,  0.85359211, -0.45797886],\n",
      "       [-0.94845493,  0.31033014,  0.06425299],\n",
      "       [ 0.19697049,  0.41842049,  0.88663799]]), 't': array([-43.07103851, -52.2826337 , 353.16966997])}, 48: {'R': array([[ 0.98661682,  0.01575824,  0.16229274],\n",
      "       [-0.01055018,  0.99940288, -0.03290256],\n",
      "       [-0.16271432,  0.03075001,  0.98619394]]), 't': array([  -3.00906994, -128.99498311,  402.22843092])}, 49: {'R': array([[ 0.99762991,  0.06435757, -0.02434485],\n",
      "       [-0.06149448,  0.99265579,  0.10417734],\n",
      "       [ 0.03087066, -0.10243336,  0.99426074]]), 't': array([   6.31384012, -144.41229418,  427.69976337])}, 50: {'R': array([[ 0.90219577,  0.26317735, -0.34173158],\n",
      "       [-0.25573308,  0.96438478,  0.06754697],\n",
      "       [ 0.34733756,  0.02645148,  0.93736702]]), 't': array([  13.5545459 , -125.77371117,  451.1421515 ])}, 51: {'R': array([[ 0.99719946, -0.03303773,  0.06709512],\n",
      "       [ 0.03283095,  0.99945217,  0.00418239],\n",
      "       [-0.06719654, -0.00196788,  0.99773782]]), 't': array([  40.12251901, -120.2598018 ,  379.97328237])}, 52: {'R': array([[ 0.95109922, -0.02259184, -0.30805826],\n",
      "       [-0.01714937,  0.99192123, -0.12569076],\n",
      "       [ 0.30840911,  0.12482739,  0.94302807]]), 't': array([  54.83767527, -125.60752688,  452.38680815])}, 53: {'R': array([[ 0.98722884, -0.08735225, -0.1332246 ],\n",
      "       [ 0.00485746,  0.85238426, -0.52289338],\n",
      "       [ 0.15923446,  0.51556829,  0.84192263]]), 't': array([  46.83914654, -126.23312342,  446.81550194])}, 54: {'R': array([[ 0.85241263,  0.40724469, -0.32793974],\n",
      "       [-0.46982593,  0.87181485, -0.13857297],\n",
      "       [ 0.22946963,  0.27219594,  0.9344801 ]]), 't': array([  1.9110083 , -97.02572802, 360.31694562])}, 55: {'R': array([[ 0.85785094,  0.47289127, -0.20116064],\n",
      "       [-0.50758284,  0.71851494, -0.47549547],\n",
      "       [-0.08032073,  0.51000992,  0.85641022]]), 't': array([-13.63269657, -39.09233516, 334.58373579])}, 56: {'R': array([[ 0.97796444, -0.20363211, -0.04603827],\n",
      "       [ 0.11561623,  0.71187414, -0.69272513],\n",
      "       [ 0.17383454,  0.67213776,  0.71973077]]), 't': array([  59.74626838, -114.37184045,  422.99048385])}, 57: {'R': array([[ 0.81984943, -0.57254926, -0.00585234],\n",
      "       [ 0.44116639,  0.63816801, -0.6309626 ],\n",
      "       [ 0.36499195,  0.51471247,  0.77579117]]), 't': array([ 19.59513152, -47.2276936 , 312.36349058])}, 58: {'R': array([[ 0.72267488, -0.49080284,  0.48667607],\n",
      "       [ 0.67163231,  0.66494703, -0.32673459],\n",
      "       [-0.16325154,  0.56299025,  0.81017956]]), 't': array([ 66.7812061 , -39.33323165, 330.29546876])}, 59: {'R': array([[ 0.63101431, -0.75262855,  0.18807234],\n",
      "       [ 0.71002077,  0.46262836, -0.53089123],\n",
      "       [ 0.3125563 ,  0.46853523,  0.82630702]]), 't': array([115.0447717 , -67.83288707, 359.52134106])}, 60: {'R': array([[ 0.79645011, -0.35818257,  0.48720886],\n",
      "       [ 0.38521204,  0.92158864,  0.04781279],\n",
      "       [-0.46613186,  0.14959822,  0.87197561]]), 't': array([  46.41157888, -119.960498  ,  385.22183322])}, 61: {'R': array([[-0.30001776, -0.80847498,  0.50631763],\n",
      "       [ 0.90470593, -0.40945047, -0.11771785],\n",
      "       [ 0.30248393,  0.42275112,  0.85427453]]), 't': array([ 38.22098725, -99.63884903, 355.45773821])}, 62: {'R': array([[-0.97192682,  0.19679921, -0.12895089],\n",
      "       [-0.12537165, -0.89696312, -0.42395649],\n",
      "       [-0.19909849, -0.39588789,  0.89645556]]), 't': array([  4.72967786, -29.42388257, 309.43014915])}, 63: {'R': array([[-0.31483127,  0.93622546,  0.156087  ],\n",
      "       [-0.86166573, -0.35088207,  0.36662508],\n",
      "       [ 0.39801186, -0.01906978,  0.91718204]]), 't': array([ 10.80265521, -53.66319767, 314.36276654])}, 64: {'R': array([[ 0.98464894,  0.16953999,  0.04150479],\n",
      "       [-0.11047844,  0.78944708, -0.60379452],\n",
      "       [-0.13513315,  0.58994026,  0.79605874]]), 't': array([  9.90109223, -41.30836197, 327.78065565])}, 65: {'R': array([[ 0.32340375, -0.86030814,  0.39405573],\n",
      "       [ 0.91787015,  0.38644852,  0.09039876],\n",
      "       [-0.23005304,  0.3324567 ,  0.91463006]]), 't': array([ 17.46084559, -54.11365523, 333.43727921])}, 66: {'R': array([[ 0.86205516,  0.33497621, -0.38033123],\n",
      "       [-0.49136519,  0.73627711, -0.46524861],\n",
      "       [ 0.12418197,  0.58795149,  0.79930713]]), 't': array([ -0.75166347, -36.27040205, 323.36933598])}, 67: {'R': array([[ 0.89800994, -0.33934533, -0.28004087],\n",
      "       [ 0.10904513,  0.78829541, -0.60555719],\n",
      "       [ 0.42624794,  0.51325928,  0.74490107]]), 't': array([  69.65527271, -120.1791617 ,  446.22437135])}, 68: {'R': array([[ 0.89000087,  0.42392708, -0.16788175],\n",
      "       [-0.44187554,  0.71111517, -0.5468649 ],\n",
      "       [-0.11244758,  0.56089307,  0.82021613]]), 't': array([ -4.4941138 , -44.63042775, 327.80257597])}, 69: {'R': array([[ 0.94594427,  0.31784141, -0.06454671],\n",
      "       [-0.30903747,  0.94370286,  0.11798625],\n",
      "       [ 0.09841383, -0.09166107,  0.99091522]]), 't': array([ -5.48892484, -63.40894776, 340.09788094])}, 70: {'R': array([[ 0.94030645,  0.18447441, -0.2859947 ],\n",
      "       [-0.295741  ,  0.85874924, -0.41843399],\n",
      "       [ 0.16840737,  0.47803654,  0.8620441 ]]), 't': array([ -27.32368556, -114.9652884 ,  396.47014537])}, 71: {'R': array([[ 0.93197081,  0.33351073,  0.14213027],\n",
      "       [-0.31472194,  0.93888723, -0.13943056],\n",
      "       [-0.17994588,  0.08521369,  0.97997863]]), 't': array([-50.4409298 , -91.20796008, 383.34313328])}}\n"
     ]
    }
   ],
   "source": [
    "obj_cam_poses = initialize_object_camera_poses(\n",
    "    observations,\n",
    "    marker_obj_poses\n",
    ")\n",
    "print(obj_cam_poses)"
   ]
  },
  {
   "cell_type": "code",
   "execution_count": 15,
   "id": "9d84a187",
   "metadata": {},
   "outputs": [
    {
     "name": "stdout",
     "output_type": "stream",
     "text": [
      "Number of object poses: 72\n",
      "\n",
      "Image 0\n",
      "R:\n",
      " [[ 0.67557775 -0.42778045  0.60049861]\n",
      " [ 0.57508397  0.81541961 -0.06610068]\n",
      " [-0.46138177  0.38999327  0.79688902]]\n",
      "t:\n",
      " [  24.76882128 -105.60978062  364.6034434 ]\n",
      "\n",
      "Image 1\n",
      "R:\n",
      " [[ 0.85687708 -0.30450366  0.41597979]\n",
      " [ 0.3725525   0.92349856 -0.0914059 ]\n",
      " [-0.3563233   0.23329794  0.90476835]]\n",
      "t:\n",
      " [  38.40115206 -104.92705701  366.10136812]\n",
      "\n",
      "Image 2\n",
      "R:\n",
      " [[ 0.87047379  0.42745685  0.24404102]\n",
      " [-0.34496363  0.88346491 -0.31700134]\n",
      " [-0.35110607  0.19175608  0.91649012]]\n",
      "t:\n",
      " [-66.65170581 -70.70339789 379.16485018]\n",
      "\n",
      "Image 3\n",
      "R:\n",
      " [[ 9.61664899e-01  3.84626111e-04  2.74227049e-01]\n",
      " [ 1.71234670e-01  7.80240963e-01 -6.01583516e-01]\n",
      " [-2.14194562e-01  6.25478930e-01  7.50264486e-01]]\n",
      "t:\n",
      " [-13.92138155 -44.37324134 332.50794287]\n",
      "\n",
      "Image 4\n",
      "R:\n",
      " [[-0.6804657   0.70092937  0.21369239]\n",
      " [-0.60095044 -0.70066349  0.38461572]\n",
      " [ 0.41931491  0.13329927  0.89800129]]\n",
      "t:\n",
      " [ -1.63669335 -52.33974663 318.20386474]\n",
      "\n",
      "Image 5\n",
      "R:\n",
      " [[ 0.8553915  -0.43576559  0.28002453]\n",
      " [ 0.51593411  0.66874995 -0.53533681]\n",
      " [ 0.04601497  0.60239677  0.79686935]]\n",
      "t:\n",
      " [ 48.80206392 -43.88611665 322.04382691]\n",
      "\n",
      "Image 6\n",
      "R:\n",
      " [[ 0.81046488 -0.40293545  0.42519371]\n",
      " [ 0.47037079  0.88026012 -0.06239744]\n",
      " [-0.34913893  0.25056964  0.90294898]]\n",
      "t:\n",
      " [  62.79910409 -104.07645735  367.37808438]\n",
      "\n",
      "Image 7\n",
      "R:\n",
      " [[ 0.91603073 -0.40107979 -0.00476564]\n",
      " [ 0.30412831  0.7022506  -0.6437003 ]\n",
      " [ 0.26152185  0.58819989  0.76526284]]\n",
      "t:\n",
      " [  92.76149458 -108.57963341  433.70972571]\n",
      "\n",
      "Image 8\n",
      "R:\n",
      " [[ 0.83628214 -0.53955641 -0.09752468]\n",
      " [ 0.4038062   0.72639821 -0.55613505]\n",
      " [ 0.37090798  0.42570474  0.82535008]]\n",
      "t:\n",
      " [ 113.56355724 -108.28848343  467.97174444]\n",
      "\n",
      "Image 9\n",
      "R:\n",
      " [[ 0.90073812 -0.26752698  0.342199  ]\n",
      " [ 0.30562252  0.95015535 -0.06164151]\n",
      " [-0.30865144  0.16010658  0.93760342]]\n",
      "t:\n",
      " [  48.19080017 -109.50822126  367.88363762]\n"
     ]
    }
   ],
   "source": [
    "print(f\"Number of object poses: {len(obj_cam_poses)}\")\n",
    "\n",
    "for img_id, pose in list(obj_cam_poses.items())[:10]:\n",
    "    print(f\"\\nImage {img_id}\")\n",
    "    print(\"R:\\n\", pose[\"R\"])\n",
    "    print(\"t:\\n\", pose[\"t\"])"
   ]
  },
  {
   "cell_type": "code",
   "execution_count": 16,
   "id": "58e8e660",
   "metadata": {},
   "outputs": [],
   "source": [
    "def pack_params(marker_obj_poses, obj_cam_poses, fixed_marker_id):\n",
    "    params = []\n",
    "    index = {}\n",
    "\n",
    "    i = 0\n",
