{
  "0": {
    "R": [
      [
        -0.1541699658821113,
        -0.987593708472805,
        -0.029837704416408595
      ],
      [
        0.5754725995035261,
        -0.06520532891723585,
        -0.8152174877303905
      ],
      [
        0.8031580845889326,
        -0.14285283359362333,
        0.5783858220026747
      ]
    ],
    "t": [
      -32.53757883999891,
      -53.44049394248829,
      316.2851586728167
    ]
  },
  "1": {
    "R": [
      [
        -0.22753378847479955,
        -0.9578032893442359,
        0.17561672478345353
      ],
      [
        0.6559946229304543,
        -0.28405140323180167,
        -0.699275235517729
      ],
      [
        0.7196522978415592,
        -0.043905116369353625,
        0.6929450995338355
      ]
    ],
    "t": [
      -9.57080323819331,
      -41.75083178639987,
      309.4172182591293
    ]
  },
  "2": {
    "R": [
      [
        -0.16099994763530867,
        -0.982891996995728,
        -0.089455794128595
      ],
      [
        0.3621992405168387,
        0.02547238980492461,
        -0.9317525784920861
      ],
      [
        0.9180908054383581,
        -0.18241293703949757,
        0.3519016813971925
      ]
    ],
    "t": [
      -43.21191583720304,
      -68.34888264048536,
      323.4270516614609
    ]
  },
  "3": {
    "R": [
      [
        -0.9074847590246969,
        -0.2810568844802313,
        -0.3122153740996006
      ],
      [
        0.4075690314354134,
        -0.40899309824309815,
        -0.8164631836184106
      ],
      [
        0.10177866550847793,
        -0.8681772130595098,
        0.4857050853877649
      ]
    ],
    "t": [
      -56.023165907033935,
      -55.37175509117581,
      317.4282724589393
    ]
  },
  "4": {
    "R": [
      [
        -0.9486178727060389,
        -0.2135193901409137,
        -0.23352430626494075
      ],
      [
        0.293433192496549,
        -0.3174321794683697,
        -0.9017393043331559
      ],
      [
        0.11841069683078798,
        -0.9239298033248051,
        0.3637755151246909
      ]
    ],
    "t": [
      -47.19925299494712,
      -66.10763297922642,
      323.84000641505384
    ]
  },
  "5": {
    "R": [
      [
        -0.9484221651273159,
        -0.28629602738278886,
        -0.136124874288458
      ],
      [
        0.1979617694154976,
        -0.19948901916152864,
        -0.959695404325694
      ],
      [
        0.24760156410067458,
        -0.9371439142089144,
        0.24587547562962617
      ]
    ],
    "t": [
      -36.31282695573459,
      -73.8260537787418,
      328.6591563135716
    ]
  },
  "6": {
    "R": [
      [
        -0.8883030281486096,
        -0.45855453615921826,
        0.02540605340887009
      ],
      [
        0.014658757668733063,
        -0.08360138282288823,
        -0.996391454004755
      ],
      [
        0.4590238022212133,
        -0.8847251246335807,
        0.08098520134243911
      ]
    ],
    "t": [
      -18.887990840408648,
      -80.4901805496165,
      335.16183501933654
    ]
  },
  "7": {
    "R": [
      [
        -0.7550292766823198,
        -0.6401075619242733,
        0.14210242967639686
      ],
      [
        -0.046603988254776185,
        -0.1637843612326998,
        -0.9853947185236711
      ],
      [
        0.654032766481406,
        -0.7506244015371195,
        0.09383042249568885
      ]
    ],
    "t": [
      -4.7875764762156585,
      -83.30863238798268,
      339.80143262505084
    ]
  },
  "8": {
    "R": [
      [
        -0.6479294214697049,
        0.6166113586398221,
        -0.4471888831246661
      ],
      [
        0.16365243260694437,
        -0.4606902988283528,
        -0.8723430115884879
      ],
      [
        -0.7439121897749513,
        -0.6384002513798032,
        0.19758484998208015
      ]
    ],
    "t": [
      -67.0784642524337,
      -59.31288158398938,
      308.4582067388599
    ]
  },
  "9": {
    "R": [
      [
        -0.6456679276118402,
        0.5128559582826983,
        -0.5657664653435778
      ],
      [
        0.11579028498427224,
        -0.666580649060414,
        -0.7363849864041616
      ],
      [
        -0.7547884055526367,
        -0.5409704283527257,
        0.37100600869955735
      ]
    ],
    "t": [
      -76.94586097743742,
      -43.035221341500595,
      300.45463294586426
    ]
  },
  "10": {
    "R": [
      [
        -0.575637235161853,
        0.4907570101439347,
        -0.6540637052228202
      ],
      [
        0.05758937942400855,
        -0.7735597151216654,
        -0.6311012838827426
      ],
      [
        -0.8156747126598789,
        -0.40095252104890733,
        0.4170273839830549
      ]
    ],
    "t": [
      -86.30349683826773,
      -31.665151384403714,
      296.39438905291024
    ]
  },
  "11": {
    "R": [
      [
        -0.48878828785961925,
        0.4588923761922157,
        -0.741959430645587
      ],
      [
        -0.06443583933402655,
        -0.8671454280400213,
        -0.49386924305792484
      ],
      [
        -0.8700195585506001,
        -0.1935887230753644,
        0.4534196445209101
      ]
    ],
    "t": [
      -95.48237030666662,
      -13.162796514225034,
      290.54478202751534
    ]
  },
  "12": {
    "R": [
      [
        -0.12193170426655767,
        -0.9809986395497854,
        0.150911658582507
      ],
      [
        0.22153937014918473,
        -0.17510958285579273,
        -0.9593002353100791
      ],
      [
        0.967498303341435,
        -0.08353623880413041,
        0.23868123059407922
      ]
    ],
    "t": [
      -14.129484250982314,
      -74.74972921174493,
      332.3164332265635
    ]
  },
  "13": {
    "R": [
      [
        -0.453950014022641,
        0.41257864635020325,
        -0.7897520150937746
      ],
      [
        -0.11530871549585572,
        -0.9060873380777117,
        -0.4070744844692946
      ],
      [
        -0.8835345408638756,
        -0.09372617751236889,
        0.4588922735777757
      ]
    ],
    "t": [
      -98.26973231497838,
      -5.143238237204718,
      287.2326307178226
    ]
  },
  "14": {
    "R": [
      [
        -0.6514813518844872,
        0.5965131930690645,
        -0.4687686621792352
      ],
      [
        0.3991751577627641,
        -0.25592692180309384,
        -0.8804320553691042
      ],
      [
        -0.6451598573778697,
        -0.7607058703539377,
        -0.07138163095099882
      ]
    ],
    "t": [
      -79.81387152905404,
      -70.0466065534179,
      322.87760409104703
    ]
  },
  "15": {
    "R": [
      [
        -0.6682524222964228,
        0.5771138861909759,
        -0.4694446319434404
      ],
      [
        0.41977852649892383,
        -0.2284545185374624,
        -0.8784045318930271
      ],
      [
        -0.6141862004191849,
        -0.784058732063718,
        -0.08959473137009329
      ]
    ],
    "t": [
      -82.31647110369828,
      -72.707987947728,
      324.25938393385724
    ]
  },
  "16": {
    "R": [
      [
        -0.6617489893356509,
        0.5896675475160231,
        -0.46301237404596746
      ],
      [
        0.43314260036317953,
        -0.20338506523862676,
        -0.8780785858842601
      ],
      [
        -0.6119442481663401,
        -0.7816180004607862,
        -0.12082027351324229
      ]
    ],
    "t": [
      -83.41846499589406,
      -74.53255216620687,
      328.343870836096
    ]
  },
  "17": {
    "R": [
      [
        -0.8427708731219049,
        0.47781638044003416,
        -0.24784826406599447
      ],
      [
        -0.20753509314429397,
        -0.713292435534269,
        -0.669434900885202
      ],
      [
        -0.496655253199774,
        -0.5127430233487097,
        0.7003057557069579
      ]
    ],
    "t": [
      -33.45335429047346,
      -29.45028304536054,
      288.2897854355051
    ]
  },
  "18": {
    "R": [
      [
        -0.5108983538825401,
        0.841982764508128,
        -0.17334329024038203
      ],
      [
        -0.08954334521810892,
        -0.25267305980447335,
        -0.9633993534231772
      ],
      [
        -0.854964830462202,
        -0.47667740571616724,
        0.2044842036746191
      ]
    ],
    "t": [
      -36.454267935814464,
      -65.63004119019125,
      313.2851293256856
    ]
  },
  "19": {
    "R": [
      [
        -0.2885211198937593,
        0.9539462218800581,
        0.08211071267510667
      ],
      [
        -0.09633578381254698,
        0.056400021437385345,
        -0.9937496940070394
      ],
      [
        -0.9526148120475941,
        -0.29462797447395483,
        0.07562655965268672
      ]
    ],
    "t": [
      -6.5947481984339715,
      -76.56957421563597,
      329.5941687610695
    ]
  },
  "20": {
    "R": [
      [
        -0.38541631324451037,
        0.9185592921188401,
        0.08776726238834553
      ],
      [
        0.09611501051511201,
        0.1345620679393233,
        -0.9862327081503497
      ],
      [
        -0.917723362587381,
        -0.37167442302911846,
        -0.14014975214848752
      ]
    ],
    "t": [
      -2.920368841455505,
      -84.71743286932147,
      343.821751033906
    ]
  },
  "21": {
    "R": [
      [
        -0.6416319008341517,
        0.7296793558205434,
        0.23638219374832414
      ],
      [
        -0.13957520589330286,
        0.19196367791669647,
        -0.9714261208452947
      ],
      [
        -0.7542063813915895,
        -0.6562910817998456,
        -0.0213248732280599
      ]
    ],
    "t": [
      18.241537914405672,
      -71.61417997398641,
      331.89992378344454
    ]
  },
  "22": {
    "R": [
      [
        -0.6608814278737191,
        0.7475858990006059,
        0.06596257959669216
      ],
      [
        0.16876402818762143,
        0.23367995272487174,
        -0.9575554200590112
      ],
      [
        -0.7312690620294844,
        -0.6216984826344337,
        -0.28060034855388294
      ]
    ],
    "t": [
      -5.504714988319143,
      -92.3079679939099,
      373.37046230393895
    ]
  },
  "23": {
    "R": [
      [
        0.044416837169392875,
        -0.9394185787396947,
        0.33988215383358894
      ],
      [
        0.19591826289784314,
        -0.3254203665893416,
        -0.925050063116559
      ],
      [
        0.9796137906537243,
        0.10767691919603911,
        0.1695951126462388
      ]
    ],
    "t": [
      10.644789158881357,
      -71.92956124598373,
      334.0830135122673
    ]
  },
  "24": {
    "R": [
      [
        -0.5942229689195668,
        0.800682471792054,
        -0.07620132921007561
      ],
      [
        -0.18702677062661716,
        -0.22970053661192746,
        -0.9551223222965587
      ],
      [
        -0.7822531880902719,
        -0.5533039335167963,
        0.28624239182456257
      ]
    ],
    "t": [
      -21.781100715072327,
      -62.867966112079785,
      312.33923534061057
    ]
  },
  "25": {
    "R": [
      [
        -0.22573070223762773,
        0.7499144173827444,
        -0.6218311801999042
      ],
      [
        -0.4614066944902432,
        -0.6444708236597777,
        -0.609722248020256
      ],
      [
        -0.8579915572701716,
        0.14928403817148722,
        0.49149238407153284
      ]
    ],
    "t": [
      -74.9505282167998,
      -23.28492725829162,
      288.73997814542525
    ]
  },
  "26": {
    "R": [
      [
        -0.1497708603604992,
        0.7828746939776354,
        -0.6038840144566666
      ],
      [
        -0.37441267785933574,
        -0.6101943099390685,
        -0.698196283845872
      ],
      [
        -0.9150867915367795,
        0.12153237283706692,
        0.38450753738712984
      ]
    ],
    "t": [
      -84.66598530527021,
      -33.679207455635684,
      297.52077444530227
    ]
  },
  "27": {
    "R": [
      [
        -0.059005127688223594,
        0.8332393372005591,
        -0.5497550380379148
      ],
      [
        0.044226301798091894,
        -0.5479918222574476,
        -0.835313711708497
      ],
      [
        -0.9972775085881365,
        -0.07360142444637019,
        -0.004516766952670934
      ]
    ],
    "t": [
      -95.49412942741117,
      -60.387975764675936,
      315.4608409786861
    ]
  },
  "28": {
    "R": [
      [
        -0.05544612918584585,
        0.872772173441023,
        -0.4849685144680421
      ],
      [
        0.12896104616240983,
        -0.47538734241962355,
        -0.8702734761211008
      ],
      [
        -0.9900983664924426,
        -0.11079534256565421,
        -0.0861952245472801
      ]
    ],
    "t": [
      -87.35466849555354,
      -68.96141969923724,
      322.14388643441873
    ]
  },
  "29": {
    "R": [
      [
        0.6576034248784022,
        0.7320305256075978,
        -0.17801417125290753
      ],
      [
        -0.1627240340454093,
        -0.09269666829696582,
        -0.9823075976651259
      ],
      [
        -0.7355804676119289,
        0.6749360245721858,
        0.05816131362434768
      ]
    ],
    "t": [
      -52.865115416758805,
      -72.17724412232546,
      321.86477962539595
    ]
  },
  "30": {
    "R": [
      [
        0.47150427105130477,
        0.8795959565315186,
        -0.06320344637581582
      ],
      [
        -0.2102893997975115,
        0.04254307519245765,
        -0.976713087393617
      ],
      [
        -0.8564240133912524,
        0.4738154071013012,
        0.20502894742023164
      ]
    ],
    "t": [
      -32.36862395837628,
      -62.91928422268195,
      308.3753345744787
    ]
  },
  "31": {
    "R": [
      [
        0.23835944883392413,
        0.9659823828035485,
        0.10031355474095488
      ],
      [
        -0.332061456367343,
        0.1781285167442545,
        -0.9262858202076134
      ],
      [
        -0.9126444884766396,
        0.18747871248669945,
        0.36322413193170755
      ]
    ],
    "t": [
      -6.78246238691659,
      -53.64836511910951,
      306.5142593196487
    ]
  },
  "32": {
    "R": [
      [
        0.3120348512664733,
        0.9337686015936701,
        0.1752439735708815
      ],
      [
        -0.6010319293098794,
        0.33686444843568436,
        -0.724764074254627
      ],
      [
        -0.7357954006007065,
        0.12082442657808934,
        0.6663381922094229
      ]
    ],
    "t": [
      -0.6985862563274917,
      -26.29598455172121,
      287.8745926666252
    ]
  },
  "33": {
    "R": [
      [
        0.26980193961774623,
        0.908769025096904,
        0.31834850777555834
      ],
      [
        -0.6586653477940771,
        0.41533863090657686,
        -0.6274183463144489
      ],
      [
        -0.7024007922787456,
        -0.04040644380631636,
        0.7106338341967103
      ]
    ],
    "t": [
      12.807867825790213,
      -18.55726138811967,
      288.79832681874393
    ]
  },
  "34": {
    "R": [
      [
        0.06842266432256786,
        -0.9258331968852471,
        0.3716870061654615
      ],
      [
        0.16763642764261943,
        -0.3565936331432151,
        -0.9190968441513345
      ],
      [
        0.9834715893884385,
        0.12519533676205646,
        0.1308042832586657
      ]
    ],
    "t": [
      18.053106911737906,
      -74.8891606772552,
      338.570710638853
    ]
  },
  "35": {
    "R": [
      [
        0.1923059233908449,
        0.8414513251959783,
        0.5049535613843383
      ],
      [
        -0.47917964029828997,
        0.5295605626373392,
        -0.6999660583362786
      ],
      [
        -0.8563908594516854,
        -0.10735584672087961,
        0.5050439763252771
      ]
    ],
    "t": [
      41.62616182655515,
      -26.127680554456457,
      311.91067009641165
    ]
  },
  "36": {
    "R": [
      [
        0.4193204665714714,
        0.8987273509157541,
        0.1282945635256425
      ],
      [
        -0.7193152996584018,
        0.41512540035646117,
        -0.5570066441760204
      ],
      [
        -0.5538554378099285,
        0.14128004351230694,
        0.8205389102983073
      ]
    ],
    "t": [
      1.2349501454436815,
      -5.597523699315784,
      286.7683499880977
    ]
  },
  "37": {
    "R": [
      [
        0.4228817104529241,
        0.8940659868008775,
        -0.14770602631640567
      ],
      [
        -0.853596078920669,
        0.33829399897892265,
        -0.39614505462785693
      ],
      [
        -0.30421175686627955,
        0.2936037831851322,
        0.9062295655537341
      ]
    ],
    "t": [
      -34.85555963295848,
      7.7529722327560755,
      283.8394865784828
    ]
  },
  "38": {
    "R": [
      [
        0.9252209307529364,
        0.3778080958089549,
        0.035032442647950024
      ],
      [
        -0.11537855377408393,
        0.3681010551874661,
        -0.9225992643064891
      ],
      [
        -0.3614609503468821,
        0.84956615746573,
        0.38416575259026314
      ]
    ],
    "t": [
      -24.64168804302226,
      -56.50494042160376,
      312.5555747371318
    ]
  },
  "39": {
    "R": [
      [
        0.6384804902270844,
        0.6923993172066868,
        0.33604441541423635
      ],
      [
        0.22006122650289314,
        0.25415945151709274,
        -0.941794048502417
      ],
      [
        -0.7375064204394592,
        0.6752674719962783,
        0.00990560822621106
      ]
    ],
    "t": [
      17.214318405835503,
      -74.32120492581447,
      331.77448125453634
    ]
  },
  "40": {
    "R": [
      [
        0.3841503234366334,
        0.8349670359826684,
        0.3940286510215304
      ],
      [
        0.36140878977755553,
        0.256727679096249,
        -0.8963674388649868
      ],
      [
        -0.8495953246546571,
        0.48674525946142555,
        -0.20314240501868863
      ]
    ],
    "t": [
      31.984702823588464,
      -77.57348491563735,
      352.15113488580374
    ]
  },
  "41": {
    "R": [
      [
        0.29152782388104326,
        0.8780991593873306,
        0.37941190569939476
      ],
      [
        0.4372154168792622,
        0.23046626914686963,
        -0.8693261632026356
      ],
      [
        -0.8507962195180911,
        0.4193174991206373,
        -0.31673116011049196
      ]
    ],
    "t": [
      34.55897268517046,
      -79.0569127410708,
      366.7021030316996
    ]
  },
  "42": {
    "R": [
      [
        0.7315077394907711,
        0.516866527173143,
        -0.44468575438513513
      ],
      [
        -0.6135624219687381,
        0.21454301107768659,
        -0.7599423996235345
      ],
      [
        -0.29738456821590153,
        0.8287462153673429,
        0.4740697513039063
      ]
    ],
    "t": [
      -71.63289396941761,
      -33.76189212965118,
      297.4878280197396
    ]
  },
  "43": {
    "R": [
      [
        0.6696937245579405,
        0.398672973853925,
        -0.626554207715646
      ],
      [
        -0.7410798765422342,
        0.30414700207238377,
        -0.598577662224818
      ],
      [
        -0.048072152769147114,
        0.8651904189534516,
        0.4991338568753784
      ]
    ],
    "t": [
      -89.38575169533952,
      -12.382679189831334,
      281.24037549271753
    ]
  },
  "44": {
    "R": [
      [
        0.5963738684045674,
        0.3793197960525354,
        -0.7074282305695997
      ],
      [
        -0.79041620152087,
        0.43113326117771755,
        -0.43516242884650025
      ],
      [
        0.1399301163348734,
        0.8186822359309679,
        0.5569371231239483
      ]
    ],
    "t": [
      -95.0854791037319,
      3.1742623683041926,
      277.01307078176194
    ]
  },
  "45": {
    "R": [
      [
        -0.22292442042339278,
        -0.9467260908904822,
        -0.2324100075429654
      ],
      [
        0.6538522517666399,
        0.03161774800409278,
        -0.7559613421801703
      ],
      [
        0.7230366073986776,
        -0.3204840508330742,
        0.6119706181860649
      ]
    ],
    "t": [
      -52.3541955390845,
      -46.630433534576326,
      311.34924332326295
    ]
  },
  "46": {
    "R": [
      [
        0.8152485269603977,
        0.5642787048038331,
        -0.13022819431217572
      ],
      [
        -0.02844626757454638,
        -0.18558470190329046,
        -0.9822164365762486
      ],
      [
        -0.5784121792891109,
        0.804455009136232,
        -0.13524603182957395
      ]
    ],
    "t": [
      -54.2854634688151,
      -83.75638931905864,
      334.1257684576791
    ]
  },
  "47": {
    "R": [
      [
        0.8486931790537688,
        0.5196271104347607,
        -0.09852691981802866
      ],
      [
        0.06260857573541131,
        -0.2836898316020437,
        -0.9568700254945744
      ],
      [
        -0.5251666917008262,
        0.8059204337568474,
        -0.2732987383453946
      ]
    ],
    "t": [
      -56.07090151038297,
      -87.43938560935202,
      342.40112289344574
    ]
  },
  "48": {
    "R": [
      [
        0.9577208517573292,
        0.2628474614946682,
        -0.11697000510825417
      ],
      [
        -0.03899371448850425,
        -0.28422559916056606,
        -0.9579641428635032
      ],
      [
        -0.2850443129402955,
        0.9220233298391242,
        -0.2619593840517434
      ]
    ],
    "t": [
      -67.04237224502175,
      -85.73393291244011,
      346.6044214182804
    ]
  },
  "49": {
    "R": [
      [
        0.8308124336221465,
        -0.5418903812827098,
        0.1269075049479961
      ],
      [
        0.32838464229246145,
        0.2931909124520639,
        -0.8978878635787312
      ],
      [
        0.44934866957107866,
        0.7876508766762121,
        0.4215351345094452
      ]
    ],
    "t": [
      -22.26819753545348,
      -61.20196563334693,
      318.5945099183752
    ]
  },
  "50": {
    "R": [
      [
        0.907784741724817,
        -0.21265714255626694,
        0.36152980846869437
      ],
      [
        0.3595091616290577,
        -0.04950017102756865,
        -0.9318277178604496
      ],
      [
        0.216055607185695,
        0.9758722625364681,
        0.031516691063238844
      ]
    ],
    "t": [
      6.160187191287395,
      -75.06198381591162,
      329.785704595948
    ]
  },
  "51": {
    "R": [
      [
        0.8444647784426429,
        -0.5220317525347401,
        -0.11984192636688445
      ],
      [
        0.2670385898643538,
        0.604305092110913,
        -0.7506701986705469
      ],
      [
        0.46429476573947653,
        0.6019121239801775,
        0.6497169887824974
      ]
    ],
    "t": [
      -40.1687347293308,
      -35.96884017093766,
      295.06918345579743
    ]
  },
  "52": {
    "R": [
      [
        0.8694336916522185,
        -0.4741713877054764,
        -0.1387319390099394
      ],
      [
        0.3045982759525926,
        0.7355539355935232,
        -0.6051283319425615
      ],
      [
        0.3889793646283862,
        0.4838614501221827,
        0.7839471608335317
      ]
    ],
    "t": [
      -49.5917206316397,
      -21.748465458263254,
      299.1370721479767
    ]
  },
  "53": {
    "R": [
      [
        0.7832863016689645,
        -0.5609181922755637,
        0.26801744568603997
      ],
      [
        0.5862946854291224,
        0.5232004877446081,
        -0.6184818440838586
      ],
      [
        0.20669085963177497,
        0.6415855603098606,
        0.7386791301685462
      ]
    ],
    "t": [
      0.5573449849567615,
      -25.8684703857332,
      293.04782184707057
    ]
  },
  "54": {
    "R": [
      [
        0.8569611983929247,
        -0.46577766582836777,
        0.22060976964867055
      ],
      [
        0.16382653766207222,
        -0.15966170808528213,
        -0.97348292462115
      ],
      [
        0.4886495369962196,
        0.870378828434359,
        -0.06051714638524153
      ]
    ],
    "t": [
      -14.39051044901368,
      -88.19306504277239,
      351.86458616620666
    ]
  },
  "55": {
    "R": [
      [
        0.8407365508063809,
        -0.47853859464004556,
        0.25330389965043937
      ],
      [
        0.08715315656947273,
        -0.34212373294870524,
        -0.9356044456142885
      ],
      [
        0.5343841122621131,
        0.8086730889507658,
        -0.24592977812509864
      ]
    ],
    "t": [
      -12.884754997363675,
      -92.51083423567053,
      372.5477651876578
    ]
  },
  "56": {
    "R": [
      [
        -0.240976666520766,
        -0.8917577776602305,
        -0.3830121566935266
      ],
      [
        0.7426948832032879,
        0.08460689282698453,
        -0.6642634900021359
      ],
      [
        0.6247676021179348,
        -0.4445331704931031,
        0.641915651526862
      ]
    ],
    "t": [
      -65.12249904278318,
      -37.011611950405545,
      305.86309946640694
    ]
  },
  "57": {
    "R": [
      [
        0.9176467842693266,
        0.3431774280529854,
        0.20038371239974084
      ],
      [
        0.2984920650756548,
        -0.2623370150501883,
        -0.9176501390080144
      ],
      [
        -0.26234874958161153,
        0.9018916472667297,
        -0.34316845744250674
      ]
    ],
    "t": [
      -15.44884005292249,
      -91.66389563985845,
      366.7509558590221
    ]
  },
  "58": {
    "R": [
      [
        -0.9407735511752563,
        -0.28767876391675995,
        -0.17940472178965391
      ],
      [
        0.26068494777608076,
        -0.2754590241019956,
        -0.925292215488577
      ],
      [
        0.21676827123008593,
        -0.9172585539705269,
        0.33413808785563276
      ]
    ],
    "t": [
      -40.01197786438448,
      -69.05830874296993,
      325.03150029930487
    ]
  },
  "59": {
    "R": [
      [
        -0.9873179390283819,
        0.13496228534771237,
        -0.08359706218804014
      ],
      [
        0.0627634540177698,
        -0.1518457447249742,
        -0.98640945790715
      ],
      [
        -0.14582193289251,
        -0.9791465933876503,
        0.14144932854153708
      ]
    ],
    "t": [
      -27.242452705166492,
      -81.83932100369309,
      336.6880442958971
    ]
  },
  "60": {
    "R": [
      [
        -0.9210482990110976,
        -0.3021447218350472,
        -0.2457205688500368
      ],
      [
        0.3888101592767546,
        -0.7495099716547576,
        -0.5357811702862179
      ],
      [
        -0.022286563933196654,
        -0.5890189890464537,
        0.807811821905786
      ]
    ],
    "t": [
      -40.0593557987442,
      -25.164787631080582,
      301.1628068448863
    ]
  },
  "61": {
    "R": [
      [
        -0.40353925939843927,
        -0.8756716349559649,
        0.26524564814093854
      ],
      [
        -0.13438762826468487,
        -0.23002813538061473,
        -0.9638604786496386
      ],
      [
        0.9050392430682507,
        -0.4246012772788902,
        -0.02485405076809384
      ]
    ],
    "t": [
      7.127191034759033,
      -85.86765167605571,
      356.6685638307942
    ]
  },
  "62": {
    "R": [
      [
        -0.005218072956058695,
        -0.844993515539547,
        0.5347510920145392
      ],
      [
        0.32535688612511515,
        -0.5070966615753603,
        -0.7981202117914901
      ],
      [
        0.9455768971192103,
        0.16982030065702242,
        0.2775705263877353
      ]
    ],
    "t": [
      37.62002222453642,
      -53.25144992873234,
      325.4676132901217
    ]
  },
  "63": {
    "R": [
      [
        0.05177831138926098,
        -0.9583818180464574,
        0.2807548704967443
      ],
      [
        0.9055126411436341,
        -0.07350187641281436,
        -0.4179046911592111
      ],
      [
        0.4211482674768554,
        0.2758654835273205,
        0.8640210482386877
      ]
    ],
    "t": [
      1.7786148624721791,
      -16.226720457920578,
      294.7327415540848
    ]
  },
  "64": {
    "R": [
      [
        -0.6278318045872104,
        0.7498788894039451,
        -0.20858781454119785
      ],
      [
        -0.07039472469154417,
        -0.32159408006475093,
        -0.9442572903625943
      ],
      [
        -0.775159214538774,
        -0.5781512768243384,
        0.254694509603208
      ]
    ],
    "t": [
      -38.05423490590295,
      -63.51786807750129,
      312.156203167454
    ]
  },
  "65": {
    "R": [
      [
        -0.423399122835164,
        0.8540859044443524,
        -0.3021099975371328
      ],
      [
        0.21041079759876113,
        -0.23164856255810207,
        -0.9497716776776503
      ],
      [
        -0.8811699490088543,
        -0.46569970076674705,
        -0.08162909817886833
      ]
    ],
    "t": [
      -60.714173707476526,
      -84.17478386302196,
      340.0160984834081
    ]
  },
  "66": {
    "R": [
      [
        0.4552590659437109,
        0.888955758924422,
        -0.04996840552954135
      ],
      [
        -0.07841943079109914,
        -0.01586924537178841,
        -0.9967941411975343
      ],
      [
        -0.886898853167857,
        0.4577180635789184,
        0.062486786788130855
      ]
    ],
    "t": [
      -30.539610479212204,
      -75.90433934340041,
      314.3566983430846
    ]
  },
  "67": {
    "R": [
      [
        -0.2380602453446271,
        -0.8291764466546422,
        -0.5057605558954136
      ],
      [
        0.8020207691672313,
        0.12587780326310827,
        -0.5838813787663186
      ],
      [
        0.5478047146665123,
        -0.5446294143349548,
        0.6350502307930496
      ]
    ],
    "t": [
      -76.92608675422571,
      -29.6266004962713,
      302.0438242900304
    ]
  },
  "68": {
    "R": [
      [
        0.49520825694551024,
        0.8645709169187039,
        0.0853575531007148
      ],
      [
        0.18649510959415605,
        -0.00982925098595594,
        -0.9824067181786367
      ],
      [
        -0.8485212763098244,
        0.5024146847410085,
        -0.1661057741505087
      ]
    ],
    "t": [
      -16.92266417674242,
      -89.39546828676833,
      346.54587469960364
    ]
  },
  "69": {
    "R": [
      [
        0.8007544092714083,
        0.5493035883205897,
        0.23886804702706024
      ],
      [
        0.4071091665460045,
        -0.2065711698600871,
        -0.8897137058047675
      ],
      [
        -0.4393796792599942,
        0.8096875444520306,
        -0.38903930111574264
      ]
    ],
    "t": [
      -4.129681739204885,
      -88.5035989625609,
      363.8788696308339
    ]
  },
  "70": {
    "R": [
      [
        0.7874425592931865,
        0.5533788910808284,
        0.2714885241035965
      ],
      [
        0.23531297444350846,
        0.13720627226930637,
        -0.9621861789219951
      ],
      [
        -0.5697034490613034,
        0.8215511193809631,
        -0.02217517466765967
      ]
    ],
    "t": [
      5.300790077326637,
      -77.08984300066567,
      330.2905387387742
    ]
  },
  "71": {
    "R": [
      [
        0.7752837241798604,
        0.5501251280116348,
        0.3103183696657165
      ],
      [
        0.033288010036405635,
        0.45503967826609265,
        -0.8898487509635032
      ],
      [
        -0.6307353291275368,
        0.7002151346076954,
        0.3344722856332115
      ]
    ],
    "t": [
      7.706204292090647,
      -55.62736576479708,
      317.15590188480377
    ]
  },
  "72": {
    "R": [
      [
        0.9262149422780344,
        0.3769131118627736,
        -0.007898531940675801
      ],
      [
        -0.17678972706420365,
        0.41574232950713597,
        -0.8921343552742178
      ],
      [
        -0.3329733819773916,
        0.8277045496805611,
        0.45170112390012684
      ]
    ],
    "t": [
      -28.393428817081965,
      -50.191973157597836,
      307.4884852515146
    ]
  },
  "73": {
    "R": [
      [
        0.8624901982731308,
        0.5045933574918711,
        0.03868076340840099
      ],
      [
        -0.12689627781889432,
        0.28962507438729707,
        -0.9486910197539887
      ],
      [
        -0.4899061058595676,
        0.8133282608278368,
        0.31382980671102717
      ]
    ],
    "t": [
      -25.103478000596695,
      -61.775954935625215,
      316.29716812302763
    ]
  },
  "74": {
    "R": [
      [
        0.8712849078438387,
        0.49014752027774944,
        0.024859962371781813
      ],
      [
        -0.12447252234148584,
        0.2696922948954613,
        -0.9548678742401838
      ],
      [
        -0.4747306610547728,
        0.8288675855886708,
        0.2959887244725814
      ]
    ],
    "t": [
      -26.862928249313786,
      -62.46799321458358,
      316.94481262694137
    ]
  },
  "75": {
    "R": [
      [
        -0.23576449567258034,
        0.9585938309665851,
        -0.1597277991241967
      ],
      [
        -0.28937864174657485,
        -0.22615464303515193,
        -0.9301150891876502
      ],
      [
        -0.9277257699779398,
        -0.1730663013600537,
        0.33071581615095125
      ]
    ],
    "t": [
      -33.2427218515545,
      -61.90528802516895,
      317.30329713078174
    ]
  },
  "76": {
    "R": [
      [
        -0.9232055732535208,
        -0.331118445165759,
        -0.1950693332757578
      ],
      [
        0.35307489905275086,
        -0.5303546323672416,
        -0.7707542277441611
      ],
      [
        0.1517550169599944,
        -0.7804386838167484,
        0.6065359640036637
      ]
    ],
    "t": [
      -34.24385332196613,
      -49.18644281090142,
      306.0172102353174
    ]
  },
  "77": {
    "R": [
      [
        0.5723200183735467,
        -0.8118045255814837,
        0.11585857246801023
      ],
      [
        0.5401717739842086,
        0.2669163755641009,
        -0.7981040678047424
      ],
      [
        0.6169799438876892,
        0.5193544653713358,
        0.5912754756788057
      ]
    ],
    "t": [
      -17.908891183218266,
      -49.59330642400963,
      317.10557520030824
    ]
  },
  "78": {
    "R": [
      [
        -0.12264327349019244,
        -0.9879035737912837,
        -0.09489550230658872
      ],
      [
        0.9122154365950311,
        -0.07454814524066256,
        -0.40287165608778425
      ],
      [
        0.39092406513969774,
        -0.13597464076653049,
        0.9103237184447446
      ]
    ],
    "t": [
      -34.42707932424018,
      -12.062370445187602,
      295.92754092271974
    ]
  },
  "79": {
    "R": [
      [
        0.9657002393163405,
        0.20472092861206542,
        0.15972598152015305
      ],
      [
        0.0626542651916976,
        0.4132443823381146,
        -0.9084621750624946
      ],
      [
        -0.25198708466437536,
        0.8873096538718621,
        0.3862435595684996
      ]
    ],
    "t": [
      -14.528800095944856,
      -55.05516146760382,
      309.2057945086444
    ]
  },
  "80": {
    "R": [
      [
        0.8373533020212878,
        0.54131991465764,
        0.07623777009521962
      ],
      [
        -0.027524442174190533,
        0.18103235164084308,
        -0.9830919045248954
      ],
      [
        -0.5459687286622247,
        0.8210968503498426,
        0.16648756610787085
      ]
    ],
    "t": [
      -22.00532452719918,
      -70.16125737698275,
      323.70247160483285
    ]
  },
  "81": {
    "R": [
      [
        0.8167076673885967,
        -0.5543908440929464,
        0.1601230090105358
      ],
      [
        0.39413204986330524,
        0.33323664608234227,
        -0.8565122678504616
      ],
      [
        0.4214837046662976,
        0.7626297461374704,
        0.4906601237181101
      ]
    ],
    "t": [
      -15.870058733690806,
      -55.15012223035338,
      314.6917103492122
    ]
  },
  "82": {
    "R": [
      [
        0.0076973476896382564,
        -0.9883053080754693,
        0.15229369280569893
      ],
      [
        0.4645232192031452,
        -0.13133425124524323,
        -0.8757679448752382
      ],
      [
        0.8855274866765525,
        0.07748504681358281,
        0.45807983786738027
      ]
    ],
    "t": [
      -12.765765800000679,
      -61.915340886652295,
      320.21086350392187
    ]
  },
  "83": {
    "R": [
      [
        -0.08740474186937552,
        -0.9927988553003498,
        0.0819197412902572
      ],
      [
        0.9077731388718561,
        -0.11324536061758383,
        -0.403885400381508
      ],
      [
        0.41025399381539907,
        0.03906304152147208,
        0.9111343146570686
      ]
    ],
    "t": [
      -19.133182617282174,
      -12.13300769713354,
      296.03226801401433
    ]
  }
}