{
  "0": {
    "R": [
      [
        -0.1556684333932319,
        -0.9876273185674723,
        -0.018963608942447086
      ],
      [
        0.5668156450391918,
        -0.07358512537857742,
        -0.8205517984026508
      ],
      [
        0.8090039328604666,
        -0.13848288321032376,
        0.5712574968208767
      ]
    ],
    "t": [
      -32.622300769490224,
      -53.61629367188437,
      317.2404555584675
    ]
  },
  "1": {
    "R": [
      [
        -0.22655774833403097,
        -0.9557776052730682,
        0.18751201542379287
      ],
      [
        0.6463441717723957,
        -0.29155153694173996,
        -0.7051502768366222
      ],
      [
        0.728636259244398,
        -0.03855996065075967,
        0.6838145444116718
      ]
    ],
    "t": [
      -9.57201130182783,
      -41.849956317642345,
      310.14434738119064
    ]
  },
  "2": {
    "R": [
      [
        -0.16202831480157098,
        -0.9835938817537511,
        -0.07930889596477397
      ],
      [
        0.35515014034776177,
        0.01685884328364351,
        -0.9346572404973403
      ],
      [
        0.9206601995380969,
        -0.17960750312758617,
        0.3465918951832919
      ]
    ],
    "t": [
      -43.37373056084946,
      -68.64469563666063,
      324.51672106209475
    ]
  },
  "3": {
    "R": [
      [
        -0.9109432614715954,
        -0.27011399461506613,
        -0.3118025084770568
      ],
      [
        0.4037159031646884,
        -0.42829380049373633,
        -0.8084416429097107
      ],
      [
        0.08482832022038965,
        -0.8623240982204569,
        0.499200666783272
      ]
    ],
    "t": [
      -56.689837384276814,
      -55.97888121021184,
      320.77267742900426
    ]
  },
  "4": {
    "R": [
      [
        -0.9513357982167149,
        -0.1992233218728173,
        -0.23509629315096797
      ],
      [
        0.29168426826400884,
        -0.33607444008141896,
        -0.8955301549201181
      ],
      [
        0.09940063721453589,
        -0.9205237849973898,
        0.37782995457669
      ]
    ],
    "t": [
      -47.78592669406544,
      -66.89392951692041,
      327.3327833245052
    ]
  },
  "5": {
    "R": [
      [
        -0.953057214979655,
        -0.2707271006647381,
        -0.13560524304350766
      ],
      [
        0.19669620037735808,
        -0.2130710151275909,
        -0.9570325737766757
      ],
      [
        0.23020110714836764,
        -0.9387798354663158,
        0.2563198603103222
      ]
    ],
    "t": [
      -36.75348409447713,
      -74.71912947233054,
      332.28250059668017
    ]
  },
  "6": {
    "R": [
      [
        -0.8950873940275774,
        -0.4448827063015246,
        0.02996555834206549
      ],
      [
        0.010854437595209127,
        -0.0889239896442597,
        -0.9959792694881954
      ],
      [
        0.4457586098298181,
        -0.8911632295486495,
        0.08442369372995333
      ]
    ],
    "t": [
      -19.07857251644418,
      -81.34023405691784,
      338.45970830461033
    ]
  },
  "7": {
    "R": [
      [
        -0.7706463473681233,
        -0.6198987945173087,
        0.14774874566018328
      ],
      [
        -0.049160931240648964,
        -0.1733272830978407,
        -0.9836365465828694
      ],
      [
        0.6353639981362827,
        -0.7652993776881754,
        0.10309923560516501
      ]
    ],
    "t": [
      -4.5685471539154285,
      -84.34242513100202,
      343.4940989259598
    ]
  },
  "8": {
    "R": [
      [
        -0.6111051438620081,
        0.6589141156777407,
        -0.43861451333262447
      ],
      [
        0.19229826541367148,
        -0.4139363178662479,
        -0.8897629470090477
      ],
      [
        -0.7678358420028901,
        -0.6280835238341739,
        0.12625057157795055
      ]
    ],
    "t": [
      -65.1399748028706,
      -57.83744106267906,
      301.6895891414098
    ]
  },
  "9": {
    "R": [
      [
        -0.5909113242831416,
        0.5824594311694928,
        -0.5581799153280729
      ],
      [
        0.18217211092880897,
        -0.5776873187393448,
        -0.7956699590706492
      ],
      [
        -0.785898930418973,
        -0.5718552026601292,
        0.23525411443130365
      ]
    ],
    "t": [
      -75.26669500395082,
      -41.978598249489146,
      296.2702455379657
    ]
  },
  "10": {
    "R": [
      [
        -0.5215276271088392,
        0.5611838710284127,
        -0.6427142421479314
      ],
      [
        0.1525957950263778,
        -0.6797771924596905,
        -0.71736844923086
      ],
      [
        -0.8394780863742016,
        -0.4722029558454576,
        0.26888828719065005
      ]
    ],
    "t": [
      -85.46001469246156,
      -30.991809832304078,
      295.498465546454
    ]
  },
  "11": {
    "R": [
      [
        -0.5052536841462237,
        0.4541394412014189,
        -0.7338092957996178
      ],
      [
        -0.06539804749927244,
        -0.8680337604629714,
        -0.4921793230925042
      ],
      [
        -0.8604892852557497,
        -0.2006857210709712,
        0.4682770881842004
      ]
    ],
    "t": [
      -96.02277307145971,
      -13.315157670933349,
      291.5970736847246
    ]
  },
  "12": {
    "R": [
      [
        -0.12095588621870351,
        -0.9795613672780761,
        0.16071465809114704
      ],
      [
        0.21371795007872701,
        -0.1838045203932404,
        -0.9594480372053286
      ],
      [
        0.9693783118077249,
        -0.08170328034612273,
        0.2315820860461536
      ]
    ],
    "t": [
      -14.177341923431152,
      -75.09842817595433,
      333.5213669596281
    ]
  },
  "13": {
    "R": [
      [
        -0.47209550854989596,
        0.40827914676165433,
        -0.7813027384609569
      ],
      [
        -0.11453417996821821,
        -0.907180720758116,
        -0.4048519007041872
      ],
      [
        -0.8740753699916403,
        -0.10164289549378633,
        0.4750378609854338
      ]
    ],
    "t": [
      -98.89662006772242,
      -5.257790706787438,
      288.52064201698414
    ]
  },
  "14": {
    "R": [
      [
        -0.616815443748762,
        0.6288908124072113,
        -0.4733234141924687
      ],
      [
        0.3670425724377504,
        -0.3021451104460049,
        -0.8797659246935232
      ],
      [
        -0.696289062366555,
        -0.7163830527750981,
        -0.04446193119213833
      ]
    ],
    "t": [
      -78.68538931175715,
      -70.1659621411204,
      320.35102022125966
    ]
  },
  "15": {
    "R": [
      [
        -0.5199231219533174,
        0.6856628582494705,
        -0.5094569580204814
      ],
      [
        0.31423599141433567,
        -0.40106144310227443,
        -0.8604681635926867
      ],
      [
        -0.7943146032638236,
        -0.607467006243045,
        -0.006938830445172121
      ]
    ],
    "t": [
      -77.40331967683143,
      -75.49742381296839,
      318.2825212608924
    ]
  },
  "16": {
    "R": [
      [
        -0.5165690528928968,
        0.6875797470051144,
        -0.5102847294420231
      ],
      [
        0.30786959733824465,
        -0.40695081686942,
        -0.8600042695731801
      ],
      [
        -0.7989823055788675,
        -0.6013527451984358,
        -0.001466701804169624
      ]
    ],
    "t": [
      -78.99958094970282,
      -78.24009088213512,
      323.62448487599
    ]
  },
  "17": {
    "R": [
      [
        -0.8447568135764689,
        0.4782248858490856,
        -0.2401809411064067
      ],
      [
        -0.2145974094619286,
        -0.7138612974382299,
        -0.6665958294739291
      ],
      [
        -0.4902385926958011,
        -0.5115691610861968,
        0.7056650166029236
      ]
    ],
    "t": [
      -33.607400716300006,
      -29.673870454370757,
      288.7641177913935
    ]
  },
  "18": {
    "R": [
      [
        -0.5301044630357128,
        0.8343631513746592,
        -0.1510873584975464
      ],
      [
        -0.05170597622599021,
        -0.20965957598277873,
        -0.9764063468767696
      ],
      [
        -0.8463543881212738,
        -0.5097852428492502,
        0.15428303821546652
      ]
    ],
    "t": [
      -35.973956448268666,
      -64.31796224581065,
      308.49128908907846
    ]
  },
  "19": {
    "R": [
      [
        -0.40608427619126564,
        0.9106686957462284,
        0.07601373045759091
      ],
      [
        -0.08938517859526346,
        0.043199349987673774,
        -0.9950598504653555
      ],
      [
        -0.9094535999586284,
        -0.41087266001585687,
        0.06385770723871462
      ]
    ],
    "t": [
      -9.00345578257049,
      -76.09656931638114,
      327.4833056105475
    ]
  },
  "20": {
    "R": [
      [
        -0.460261322294084,
        0.8856365586503057,
        0.06170414234186128
      ],
      [
        -0.01858245490135607,
        0.059877799985058294,
        -0.9980327356548924
      ],
      [
        -0.8875889857191448,
        -0.4605024810475973,
        -0.011102133987072133
      ]
    ],
    "t": [
      -5.212870974241496,
      -87.89934791256975,
      347.3070789960856
    ]
  },
  "21": {
    "R": [
      [
        -0.6319518810411716,
        0.737030822883058,
        0.23962968549169283
      ],
      [
        -0.16413569208683743,
        0.17490259528889698,
        -0.9708081977117744
      ],
      [
        -0.7574274187218866,
        -0.6528358509468755,
        0.010443040111440843
      ]
    ],
    "t": [
      18.20284347778118,
      -71.37322386609117,
      328.99997189415757
    ]
  },
  "22": {
    "R": [
      [
        -0.6357391744349318,
        0.7692334364162932,
        0.0641531167440228
      ],
      [
        0.03845746719268189,
        0.1145709665377522,
        -0.992670396880923
      ],
      [
        -0.7709453452132099,
        -0.6286122922165824,
        -0.10242002132541625
      ]
    ],
    "t": [
      -4.93731614105998,
      -95.7830289780551,
      371.9597214351858
    ]
  },
  "23": {
    "R": [
      [
        0.04726162743744425,
        -0.9364240695840584,
        0.34767269158735387
      ],
      [
        0.18814328925910373,
        -0.3334864814173204,
        -0.9237904900022846
      ],
      [
        0.9810037926933464,
        0.10907212574955266,
        0.16042079075277096
      ]
    ],
    "t": [
      10.711929944437898,
      -72.277147786657,
      335.32774301763266
    ]
  },
  "24": {
    "R": [
      [
        -0.5943739368456704,
        0.8022116844394847,
        -0.0563563354676605
      ],
      [
        -0.12969772087805276,
        -0.1647846860543643,
        -0.9777650578953019
      ],
      [
        -0.7936612151274733,
        -0.573848778504171,
        0.2019887497155552
      ]
    ],
    "t": [
      -21.198194659110772,
      -61.17475439588919,
      306.1529088884497
    ]
  },
  "25": {
    "R": [
      [
        -0.24337816983361607,
        0.7472455059064785,
        -0.6183778944553322
      ],
      [
        -0.46817833667543296,
        -0.6488635598079068,
        -0.5998209114571078
      ],
      [
        -0.8494563623378566,
        0.14352781840459156,
        0.5077633837012611
      ]
    ],
    "t": [
      -75.5620079721723,
      -23.57247670095173,
      290.67373757282724
    ]
  },
  "26": {
    "R": [
      [
        -0.1613602580322109,
        0.7748630471816966,
        -0.6111874714357894
      ],
      [
        -0.3809706398029102,
        -0.6202056954469257,
        -0.6857158791681555
      ],
      [
        -0.9103978464033948,
        0.12219719083305763,
        0.3952766218948064
      ]
    ],
    "t": [
      -85.42020055568366,
      -34.0066652158841,
      300.0779599287401
    ]
  },
  "27": {
    "R": [
      [
        -0.1800210806172644,
        0.8127970701413048,
        -0.5540336932922975
      ],
      [
        0.1454355613356183,
        -0.5350522918599959,
        -0.8322064302048859
      ],
      [
        -0.9728519455869872,
        -0.23039090204493068,
        -0.02188890638056616
      ]
    ],
    "t": [
      -98.06942698230577,
      -58.42377115099883,
      316.2571913531197
    ]
  },
  "28": {
    "R": [
      [
        -0.20150098421444068,
        0.8359619660517915,
        -0.5104556245898709
      ],
      [
        0.1333862582031441,
        -0.49287086805879643,
        -0.8598176629620566
      ],
      [
        -0.9703635707729222,
        -0.2413418710746063,
        -0.012191873647318996
      ]
    ],
    "t": [
      -92.39801090154347,
      -69.82849170928014,
      329.94857861940216
    ]
  },
  "29": {
    "R": [
      [
        0.6542614133092219,
        0.7315386303490699,
        -0.19181562856458356
      ],
      [
        -0.16933516756031036,
        -0.1054900229619175,
        -0.979896655817753
      ],
      [
        -0.7370668925422855,
        0.6735897025359733,
        0.05485716503391319
      ]
    ],
    "t": [
      -53.199598039953415,
      -72.72620570287512,
      324.1294436106184
    ]
  },
  "30": {
    "R": [
      [
        0.46802213920765856,
        0.8802622290502624,
        -0.07806206068859939
      ],
      [
        -0.21960407769531565,
        0.030286182355895863,
        -0.9751188626100387
      ],
      [
        -0.8559961017849771,
        0.4735199629010048,
        0.20748377879524516
      ]
    ],
    "t": [
      -32.636894380830476,
      -63.5025624021972,
      311.04994015875053
    ]
  },
  "31": {
    "R": [
      [
        0.23554590343323878,
        0.9680298792791804,
        0.08623386920784348
      ],
      [
        -0.34391951892219313,
        0.16601427796695473,
        -0.9242070244352389
      ],
      [
        -0.9089760678258515,
        0.18803566771718283,
        0.3720283534705475
      ]
    ],
    "t": [
      -6.834549561219934,
      -54.17365014734055,
      309.2564123825268
    ]
  },
  "32": {
    "R": [
      [
        0.31050726004890816,
        0.9365001051506638,
        0.16295028232474779
      ],
      [
        -0.6101987022886641,
        0.3278144856537122,
        -0.7212455939004565
      ],
      [
        -0.7288640375146449,
        0.12451994237224578,
        0.6732399266008089
      ]
    ],
    "t": [
      -0.6798585426838133,
      -26.554304976455168,
      290.3072800326766
    ]
  },
  "33": {
    "R": [
      [
        0.26875481145043956,
        0.9125843115965693,
        0.3081569819914103
      ],
      [
        -0.6685381904549759,
        0.4070487966430901,
        -0.6223889178436572
      ],
      [
        -0.6934172908324576,
        -0.03874469485268878,
        0.7194937869053122
      ]
    ],
    "t": [
      12.940991171152662,
      -18.750328469750094,
      291.19469299195885
    ]
  },
  "34": {
    "R": [
      [
        0.07016836919657121,
        -0.9227376093989839,
        0.37898773616694037
      ],
      [
        0.16027014411910928,
        -0.36456016418356274,
        -0.9172836898116602
      ],
      [
        0.9845759903980668,
        0.12510471969954817,
        0.12230669744770262
      ]
    ],
    "t": [
      18.184837350349444,
      -75.21402247920099,
      339.35941989151337
    ]
  },
  "35": {
    "R": [
      [
        0.19750160443967724,
        0.8468854426052819,
        0.493738962759685
      ],
      [
        -0.4969733934521458,
        0.5206380565848449,
        -0.6942286800732271
      ],
      [
        -0.8449914570245148,
        -0.10826384963972147,
        0.5237063837846316
      ]
    ],
    "t": [
      41.95945742665593,
      -26.453040196476707,
      313.6235413160073
    ]
  },
  "36": {
    "R": [
      [
        0.41918069092510135,
        0.900521302179717,
        0.11553758122836669
      ],
      [
        -0.7334766696033505,
        0.4108933389744593,
        -0.5414597299282724
      ],
      [
        -0.5350696436008422,
        0.142225343406043,
        0.832749919357487
      ]
    ],
    "t": [
      1.306815309716701,
      -5.749867962967995,
      288.6135698463157
    ]
  },
  "37": {
    "R": [
      [
        0.4205824440960414,
        0.8922022640965168,
        -0.1645768138567804
      ],
      [
        -0.8586973479214892,
        0.3329183519498452,
        -0.38962063036702754
      ],
      [
        -0.2928297669138183,
        0.3051892705781907,
        0.9061513321367192
      ]
    ],
    "t": [
      -35.057030095269404,
      7.752532234957687,
      285.77845027546624
    ]
  },
  "38": {
    "R": [
      [
        0.9256785316289244,
        0.37772633663597555,
        0.02102547723320783
      ],
      [
        -0.12428746174852359,
        0.356137678914653,
        -0.9261309737339493
      ],
      [
        -0.35731202461354095,
        0.8546863566647412,
        0.376615651291503
      ]
    ],
    "t": [
      -24.693755756199316,
      -56.87483434187413,
      314.33455173732926
    ]
  },
  "39": {
    "R": [
      [
        0.6401975423034405,
        0.6971477777720021,
        0.3226950306034999
      ],
      [
        0.21338259347039898,
        0.2421554058718967,
        -0.9464822387191761
      ],
      [
        -0.737980335532378,
        0.6747931055920594,
        0.006268094841565264
      ]
    ],
    "t": [
      17.43830040789979,
      -74.82418343964187,
      333.97899341079244
    ]
  },
  "40": {
    "R": [
      [
        0.3845361631421596,
        0.8407987513632745,
        0.3810372671299552
      ],
      [
        0.35633753136303226,
        0.2455795350624474,
        -0.901506658711189
      ],
      [
        -0.8515606278932853,
        0.48243979071431353,
        -0.2051739392747604
      ]
    ],
    "t": [
      32.27621310421156,
      -78.06762289731476,
      354.5969211158697
    ]
  },
  "41": {
    "R": [
      [
        0.29071569744942366,
        0.8838377104560995,
        0.3664904976015282
      ],
      [
        0.4327334231248965,
        0.22016764953425755,
        -0.8742242221588066
      ],
      [
        -0.8533616863716726,
        0.4127433920419332,
        -0.31845992614238694
      ]
    ],
    "t": [
      34.83779220300075,
      -79.53700219655019,
      369.22099106728984
    ]
  },
  "42": {
    "R": [
      [
        0.7272015728918996,
        0.5089715225367454,
        -0.4605712340454779
      ],
      [
        -0.6221082360302145,
        0.20511377465373282,
        -0.7555856550455894
      ],
      [
        -0.29010207694348195,
        0.8359882347820004,
        0.4657944356249364
      ]
    ],
    "t": [
      -71.97425947456037,
      -34.03333555658686,
      299.1166963506518
    ]
  },
  "43": {
    "R": [
      [
        0.6640462659138253,
        0.3929203537542183,
        -0.6361258934610075
      ],
      [
        -0.7461630331496811,
        0.29387811440501993,
        -0.5973913138258855
      ],
      [
        -0.04778372826363475,
        0.8713490973653497,
        0.48833130744794273
      ]
    ],
    "t": [
      -89.70677742027426,
      -12.528712428535753,
      282.1873113647495
    ]
  },
  "44": {
    "R": [
      [
        0.590249698653798,
        0.37399863879451023,
        -0.715353277352494
      ],
      [
        -0.7949888719611835,
        0.4230170710977099,
        -0.43479794274789296
      ],
      [
        0.13999280944743442,
        0.8253372496984299,
        0.5470104547111013
      ]
    ],
    "t": [
      -95.47145838469818,
      3.084694578995957,
      278.0624117727418
    ]
  },
  "45": {
    "R": [
      [
        -0.22606457307181105,
        -0.948927440906427,
        -0.22007162628707794
      ],
      [
        0.6450711272108676,
        0.023452515704257937,
        -0.7637625418584248
      ],
      [
        0.7299164675774621,
        -0.3146215049896002,
        0.6068239109966899
      ]
    ],
    "t": [
      -52.52710705401591,
      -46.77345466560476,
      312.3270453873181
    ]
  },
  "46": {
    "R": [
      [
        0.8145197166848515,
        0.5623695165267947,
        -0.14247160423413688
      ],
      [
        -0.03396125919221016,
        -0.19894011196846262,
        -0.9794230264416164
      ],
      [
        -0.5791409707538475,
        0.8025978810907706,
        -0.14294186672524045
      ]
    ],
    "t": [
      -54.47985890651545,
      -84.30949684438663,
      336.15578354796014
    ]
  },
  "47": {
    "R": [
      [
        0.8439394068596663,
        0.5249411847515485,
        -0.11046732594299155
      ],
      [
        0.05706923833753516,
        -0.2926172021476706,
        -0.9545251568412656
      ],
      [
        -0.5333942065535846,
        0.7992571085444968,
        -0.2769091816032144
      ]
    ],
    "t": [
      -56.35356165581271,
      -87.99368303497484,
      343.69377255502667
    ]
  },
  "48": {
    "R": [
      [
        0.9551116168701353,
        0.26811413096255376,
        -0.12600242893654984
      ],
      [
        -0.04371086807484878,
        -0.2931314562693009,
        -0.9550724105310457
      ],
      [
        -0.29300368484348266,
        0.9177084297987208,
        -0.2682537577453624
      ]
    ],
    "t": [
      -67.25284266695942,
      -86.2394882778037,
      347.67387140707547
    ]
  },
  "49": {
    "R": [
      [
        0.8342133529942988,
        -0.5368420753062972,
        0.12605025928905236
      ],
      [
        0.32154716249466847,
        0.28785286809661725,
        -0.9020799014611613
      ],
      [
        0.44799051773183407,
        0.7930582024727941,
        0.4127507522863937
      ]
    ],
    "t": [
      -22.315792553012038,
      -61.58342520123771,
      320.2117316160058
    ]
  },
  "50": {
    "R": [
      [
        0.9117162625407733,
        -0.2029643933512406,
        0.35718190274739103
      ],
      [
        0.3536971475465325,
        -0.05446900383703157,
        -0.9337727000927196
      ],
      [
        0.20897795203353461,
        0.9776699763481358,
        0.022127650379228758
      ]
    ],
    "t": [
      6.274109524319063,
      -75.51214763235473,
      330.9661301431322
    ]
  },
  "51": {
    "R": [
      [
        0.8459124195659686,
        -0.5193864936096644,
        -0.12111915075621371
      ],
      [
        0.26052583057029993,
        0.6005905231129954,
        -0.7559215006550042
      ],
      [
        0.46535843178103453,
        0.6078887182722807,
        0.6433605802095584
      ]
    ],
    "t": [
      -40.31354986934415,
      -36.202897495524184,
      296.5417069917176
    ]
  },
  "52": {
    "R": [
      [
        0.86831824777417,
        -0.47511083572828317,
        -0.1424539025648916
      ],
      [
        0.2984791472057794,
        0.7298886234944425,
        -0.6149575562400211
      ],
      [
        0.3961484813371193,
        0.4914593483361167,
        0.7755862876993982
      ]
    ],
    "t": [
      -49.68215960570671,
      -21.87370874629539,
      300.2332219507789
    ]
  },
  "53": {
    "R": [
      [
        0.7871717152100977,
        -0.5557091351650932,
        0.26748466847140445
      ],
      [
        0.5803717544975132,
        0.5207420611573446,
        -0.6260961047020486
      ],
      [
        0.20863680728642095,
        0.6480856909666071,
        0.7324313072293294
      ]
    ],
    "t": [
      0.64610457455185,
      -26.010243557759825,
      294.37195694701757
    ]
  },
  "54": {
    "R": [
      [
        0.859970165566988,
        -0.46129226549210456,
        0.21831344468870606
      ],
      [
        0.15723352222068496,
        -0.16748319924699212,
        -0.9732558746085581
      ],
      [
        0.4855192414567773,
        0.8712972074827016,
        -0.07149994690964184
      ]
    ],
    "t": [
      -14.27240722472869,
      -88.62367650590453,
      352.8430422892336
    ]
  },
  "55": {
    "R": [
      [
        0.8441503134895711,
        -0.4737293666497917,
        0.2509795517747325
      ],
      [
        0.0811146706540051,
        -0.3499008295821459,
        -0.9332683535095456
      ],
      [
        0.5299345793965051,
        0.8081768968680763,
        -0.2569424934271011
      ]
    ],
    "t": [
      -12.779397247103732,
      -92.98866721559679,
      373.72321893008626
    ]
  },
  "56": {
    "R": [
      [
        -0.24617054875987732,
        -0.8954059787091038,
        -0.3710096955811977
      ],
      [
        0.7350082659097552,
        0.07705882054568486,
        -0.6736651892598003
      ],
      [
        0.6317934076639258,
        -0.43853172230535403,
        0.6391611835556854
      ]
    ],
    "t": [
      -65.37562937486184,
      -37.11969199339089,
      306.9636291128049
    ]
  },
  "57": {
    "R": [
      [
        0.9161005887912856,
        0.3526950672084901,
        0.19069845511450503
      ],
      [
        0.2941133707708623,
        -0.2678758797416106,
        -0.9174638075621621
      ],
      [
        -0.2725014428403298,
        0.8965760997369142,
        -0.3491335862252179
      ]
    ],
    "t": [
      -15.461833906976096,
      -92.18559816950582,
      367.8669736223386
    ]
  },
  "58": {
    "R": [
      [
        -0.945140136502993,
        -0.2726585636370685,
        -0.17990950515877305
      ],
      [
        0.259666316917698,
        -0.2929240328397487,
        -0.9202004753548519
      ],
      [
        0.19820072207109016,
        -0.9164348414700679,
        0.3476545053788746
      ]
    ],
    "t": [
      -40.5140284449595,
      -69.90777259365117,
      328.6790006234676
    ]
  },
  "59": {
    "R": [
      [
        -0.9115488830586377,
        0.39948501656089175,
        -0.09741845481167133
      ],
      [
        0.026522336083652037,
        -0.17930199138698197,
        -0.9834365061219398
      ],
      [
        -0.4103354718802841,
        -0.8990342137138086,
        0.15284725410938163
      ]
    ],
    "t": [
      -22.802131500336564,
      -83.44507750142017,
      342.1795218775661
    ]
  },
  "60": {
    "R": [
      [
        -0.9238072193103709,
        -0.3018621190517678,
        -0.2354983707621269
      ],
      [
        0.3824214598751799,
        -0.7569041001845142,
        -0.5299528376665293
      ],
      [
        -0.018276995841110727,
        -0.579633888075436,
        0.8146720243248669
      ]
    ],
    "t": [
      -40.39056874745771,
      -25.290403981227602,
      302.46265697270843
    ]
  },
  "61": {
    "R": [
      [
        -0.4094638309382538,
        -0.8697331661936938,
        0.2755060630477331
      ],
      [
        -0.1417735544987731,
        -0.2376542768528581,
        -0.960947815408479
      ],
      [
        0.9012433802243167,
        -0.43253284767314204,
        -0.025994331797720455
      ]
    ],
    "t": [
      7.207890626480797,
      -86.56463237445048,
      358.7926546756136
    ]
  },
  "62": {
    "R": [
      [
        -0.0011524085774779758,
        -0.8403827567741922,
        0.5419921531453014
      ],
      [
        0.3194632562284505,
        -0.513900731636275,
        -0.7961465103507124
      ],
      [
        0.9475979632071747,
        0.1722290920266097,
        0.26906363556843516
      ]
    ],
    "t": [
      37.80060384103831,
      -53.51352826932842,
      326.6592329663737
    ]
  },
  "63": {
    "R": [
      [
        0.054758776655249475,
        -0.9556553560359977,
        0.2893515454579961
      ],
      [
        0.9019051995377423,
        -0.07700609880239734,
        -0.4250142018733263
      ],
      [
        0.4284489321097739,
        0.2842409210985386,
        0.8576937748095461
      ]
    ],
    "t": [
      1.8152508485597196,
      -16.259982370147082,
      295.3620629710066
    ]
  },
  "64": {
    "R": [
      [
        -0.6134599073078445,
        0.7657847332653698,
        -0.19297845585333417
      ],
      [
        -0.021563964782192968,
        -0.260513301432442,
        -0.9652294106582341
      ],
      [
        -0.7894314014204928,
        -0.5879681641674622,
        0.17632782076808193
      ]
    ],
    "t": [
      -36.99361140558067,
      -61.82118418650202,
      305.6362239583042
    ]
  },
  "65": {
    "R": [
      [
        -0.4917281424541114,
        0.8119561606404131,
        -0.31453239438364544
      ],
      [
        0.14520664764529162,
        -0.27969832813709217,
        -0.9490436632299548
      ],
      [
        -0.8585560339303694,
        -0.5123436721922068,
        0.019634107220836493
      ]
    ],
    "t": [
      -62.095518003185006,
      -85.16689652635125,
      338.24239404863897
    ]
  },
  "66": {
    "R": [
      [
        0.4497747390578837,
        0.890711110911548,
        -0.06585135537047315
      ],
      [
        -0.09240236535436075,
        -0.02692836559264178,
        -0.9953575568625719
      ],
      [
        -0.8883493045994528,
        0.4537715064051782,
        0.07019211488795163
      ]
    ],
    "t": [
      -30.87281134806265,
      -76.73001086064548,
      317.2262796784347
    ]
  },
  "67": {
    "R": [
      [
        -0.24477012977376372,
        -0.8339790318067484,
        -0.4945367105455504
      ],
      [
        0.7954763295124949,
        0.11888659236637461,
        -0.5942082020141088
      ],
      [
        0.5543509653241919,
        -0.5388366660335857,
        0.6343106924701385
      ]
    ],
    "t": [
      -77.25474969770858,
      -29.70112601301452,
      303.22890643200725
    ]
  },
  "68": {
    "R": [
      [
        0.49333157615830203,
        0.8669133287686253,
        0.07131084327412801
      ],
      [
        0.18105074906120572,
        -0.02215158087745872,
        -0.9832242540382159
      ],
      [
        -0.8507905630820913,
        0.49796645255271077,
        -0.1678833818533777
      ]
    ],
    "t": [
      -16.987066675488247,
      -90.02441849091107,
      349.0094514752221
    ]
  },
  "69": {
    "R": [
      [
        0.7989473338179751,
        0.5564284969797397,
        0.22818958243972665
      ],
      [
        0.40245262682550675,
        -0.21271767479365966,
        -0.8903836667367773
      ],
      [
        -0.4468948880289396,
        0.8032051534815041,
        -0.3938863293824184
      ]
    ],
    "t": [
      -4.050704913951683,
      -88.9739714639938,
      365.02145686038256
    ]
  },
  "70": {
    "R": [
      [
        0.7892584198311274,
        0.5568007390999865,
        0.25892872313318305
      ],
      [
        0.22914322309850443,
        0.12415150805444575,
        -0.9654427928965217
      ],
      [
        -0.5697056520991352,
        0.8213156153303769,
        -0.029599492914297032
      ]
    ],
    "t": [
      5.476488613210039,
      -77.55339337939837,
      332.2139685532644
    ]
  },
  "71": {
    "R": [
      [
        0.7772343793558082,
        0.5547635016761122,
        0.29689084990186176
      ],
      [
        0.024637644986217455,
        0.44465143279033603,
        -0.8953647802806598
      ],
      [
        -0.6287286425771651,
        0.7032229806580267,
        0.33193031418886076
      ]
    ],
    "t": [
      7.8446027876541295,
      -56.02024631802101,
      319.15219094739473
    ]
  },
  "72": {
    "R": [
      [
        0.9261986838490136,
        0.37639564310531415,
        -0.02196173690061684
      ],
      [
        -0.1854876154322084,
        0.40416970156361914,
        -0.8956791818833618
      ],
      [
        -0.3282534730320885,
        0.8336505096197759,
        0.44415817593855
      ]
    ],
    "t": [
      -28.47331356144127,
      -50.531987630212086,
      309.26351122993356
    ]
  },
  "73": {
    "R": [
      [
        0.8620325965701737,
        0.5062260029977412,
        0.025199927369237762
      ],
      [
        -0.13567367466156696,
        0.27836645107732405,
        -0.9508442421966087
      ],
      [
        -0.48835689454978654,
        0.8162397642871527,
        0.30864249665615084
      ]
    ],
    "t": [
      -25.179219299065416,
      -62.21956890227935,
      318.2338822007495
    ]
  },
  "74": {
    "R": [
      [
        0.8707326873014074,
        0.4916216646866034,
        0.011520680346317091
      ],
      [
        -0.13322152383610467,
        0.25837650433040293,
        -0.9568143015218717
      ],
      [
        -0.47336731282552164,
        0.8315946854211935,
        0.2904714552715473
      ]
    ],
    "t": [
      -26.948685676388507,
      -62.915903823200104,
      318.87920156904397
    ]
  },
  "75": {
    "R": [
      [
        -0.28335102928448935,
        0.9470243733920702,
        -0.15118541730199242
      ],
      [
        -0.2627598339216537,
        -0.22827794333830914,
        -0.9374681062642596
      ],
      [
        -0.9223174420344038,
        -0.22590709768971146,
        0.3135227572801147
      ]
    ],
    "t": [
      -34.04013278713292,
      -62.63441408620268,
      322.1396307983664
    ]
  },
  "76": {
    "R": [
      [
        -0.9273938697113925,
        -0.3246345475756714,
        -0.1858844289930398
      ],
      [
        0.3424358074731923,
        -0.5366718299358081,
        -0.7711816029402766
      ],
      [
        0.15059325410493024,
        -0.7788425755399423,
        0.6088726585620328
      ]
    ],
    "t": [
      -34.485925229480294,
      -49.41048345071125,
      307.4525844268848
    ]
  },
  "77": {
    "R": [
      [
        0.5743071712243313,
        -0.8100587576861583,
        0.11822048120467249
      ],
      [
        0.534160549185004,
        0.2613727952644104,
        -0.8039631643241147
      ],
      [
        0.6203577844878563,
        0.5248705278367478,
        0.5828097015610602
      ]
    ],
    "t": [
      -17.901415861119833,
      -49.81858518234831,
      318.3812191645914
    ]
  },
  "78": {
    "R": [
      [
        -0.12692854577205775,
        -0.9882723856562494,
        -0.08489308580500532
      ],
      [
        0.9058612576732898,
        -0.08062403075583419,
        -0.4158306716816928
      ],
      [
        0.4041095471710067,
        -0.1296821399190639,
        0.9054711571724723
      ]
    ],
    "t": [
      -34.51544647008131,
      -12.063885659251751,
      296.8351496402776
    ]
  },
  "79": {
    "R": [
      [
        0.9662673177947277,
        0.20956436318509136,
        0.1497005285381779
      ],
      [
        0.054252636981869454,
        0.40259354187803964,
        -0.9137697146538665
      ],
      [
        -0.25176203435445976,
        0.8910674596914211,
        0.37764356255175535
      ]
    ],
    "t": [
      -14.520974354922686,
      -55.374661663901044,
      310.52086310470685
    ]
  },
  "80": {
    "R": [
      [
        0.8371160043340755,
        0.5433983992825167,
        0.0628885915325729
      ],
      [
        -0.03568030675567846,
        0.168959585550843,
        -0.984976940928217
      ],
      [
        -0.5458605233918028,
        0.8222960769137149,
        0.16082739472720786
      ]
    ],
    "t": [
      -22.054828996341392,
      -70.64839945063937,
      325.6716074177899
    ]
  },
  "81": {
    "R": [
      [
        0.8201950068894308,
        -0.5494792432689535,
        0.1592253493958325
      ],
      [
        0.38734967040877083,
        0.3285779621680454,
        -0.8613923354730475
      ],
      [
        0.42099926782342906,
        0.768185579137016,
        0.4823386077208251
      ]
    ],
    "t": [
      -15.876006792550553,
      -55.483833133380564,
      316.23085718550743
    ]
  },
  "82": {
    "R": [
      [
        0.008949063620705189,
        -0.9869724311693611,
        0.16064038835845063
      ],
      [
        0.4588338235626524,
        -0.13868376193283288,
        -0.8776322330743296
      ],
      [
        0.8884770321258675,
        0.08156123029846102,
        0.4516152445356689
      ]
    ],
    "t": [
      -12.793932417689344,
      -62.17519689617023,
      321.23667194206905
    ]
  },
  "83": {
    "R": [
      [
        -0.08960226415456979,
        -0.9918283160729758,
        0.09081864177700424
      ],
      [
        0.9010079187759893,
        -0.11958048737343013,
        -0.4169954883958496
      ],
      [
        0.42444807051197075,
        0.04446457551105193,
        0.9043598492653724
      ]
    ],
    "t": [
      -19.159448311779318,
      -12.139017579607373,
      296.8669121280685
    ]
  }
}