{
  "0": {
    "R": [
      [
        -0.5108452215299075,
        0.47392037874041437,
        -0.7172423818031128
      ],
      [
        -0.7307136122416168,
        -0.6788915696531945,
        0.0718599578251353
      ],
      [
        -0.4528739079753527,
        0.5608080877344445,
        0.6931085861585959
      ]
    ],
    "t": [
      42.60376897846817,
      40.315282737271595,
      -409.8133635887953
    ]
  },
  "1": {
    "R": [
      [
        -0.16370147944986452,
        0.7508310930542279,
        -0.6398863143785144
      ],
      [
        -0.7809935151231426,
        -0.4949179245329727,
        -0.38092699735194974
      ],
      [
        -0.6027030404448971,
        0.43738874891675944,
        0.6674130110804768
      ]
    ],
    "t": [
      12.410648723268093,
      29.4466288925958,
      -354.5363260550114
    ]
  },
  "2": {
    "R": [
      [
        0.90613488068603,
        -0.42084891680360115,
        -0.04249431996572815
      ],
      [
        -0.42027922123518546,
        -0.9071283970254319,
        0.02198743977857016
      ],
      [
        -0.047801194567292454,
        -0.002064106418230925,
        -0.9988547368174384
      ]
    ],
    "t": [
      1.2561843799405674,
      -1.0326819284882303,
      -6.5333605557960714
    ]
  },
  "3": {
    "R": [
      [
        0.34692356685887576,
        -0.9334104878478725,
        -0.09159093805345256
      ],
      [
        -0.9104597358610075,
        -0.35861283894659685,
        0.20605800425745707
      ],
      [
        -0.22518238859604253,
        0.011903483450589905,
        -0.9742439114246093
      ]
    ],
    "t": [
      2.8794238267686327,
      -7.256291585230477,
      -7.017980027639444
    ]
  },
  "4": {
    "R": [
      [
        0.5199284389635697,
        -0.35931002670702605,
        -0.774964981831245
      ],
      [
        0.7410040740498932,
        -0.2616163656633136,
        0.6184414600094175
      ],
      [
        -0.4249557395757422,
        -0.8957975116760013,
        0.1302284050302332
      ]
    ],
    "t": [
      -9.376099939038232,
      -9.197030753619334,
      17.293281606124324
    ]
  },
  "5": {
    "R": [
      [
        0.12830778765459622,
        -0.8208671134118555,
        -0.5565198053493435
      ],
      [
        0.9432041354479819,
        0.27439680693108387,
        -0.18727613627969392
      ],
      [
        0.30643607898060576,
        -0.5008827951376584,
        0.8094525032601223
      ]
    ],
    "t": [
      -60.86328438575444,
      -79.6318911107363,
      526.8189430685762
    ]
  },
  "6": {
    "R": [
      [
        0.05129664994912775,
        -0.9137450522117193,
        -0.4030367641575634
      ],
      [
        0.8038214305069272,
        0.2772680443500193,
        -0.5263017570178854
      ],
      [
        0.5926548418445547,
        -0.2969720713146583,
        0.7487107768005532
      ]
    ],
    "t": [
      -31.33248121521826,
      -87.5136190399474,
      504.45500755036056
    ]
  },
  "7": {
    "R": [
      [
        0.35350077514328826,
        -0.8722443630766206,
        -0.33797481127172
      ],
      [
        0.9323178906075575,
        0.3579904708766468,
        0.05124620585556636
      ],
      [
        0.07629254764502705,
        -0.33321553661643266,
        0.9397589336267329
      ]
    ],
    "t": [
      -7.359697501828914,
      -64.86912204563922,
      414.74510874734034
    ]
  },
  "8": {
    "R": [
      [
        -0.39742602954536416,
        0.8951123959786059,
        0.2020553132319134
      ],
      [
        -0.40913032196040156,
        -0.3699396043562963,
        0.834120536122499
      ],
      [
        0.821379894258671,
        0.24883425747703286,
        0.5132412508883792
      ]
    ],
    "t": [
      -161.59912472351297,
      -101.11736376490265,
      849.0795510731274
    ]
  },
  "9": {
    "R": [
      [
        -0.07636451196290911,
        0.7573472590913342,
        -0.6485318731253771
      ],
      [
        -0.21920106226143987,
        -0.647270262557349,
        -0.7300630805022241
      ],
      [
        -0.9726866687768077,
        0.08640796465479367,
        0.21543980140190638
      ]
    ],
    "t": [
      -167.32815881432506,
      -51.90616274862931,
      767.9463073509025
    ]
  },
  "10": {
    "R": [
      [
        0.9985664869229042,
        -0.053495912200617744,
        0.001777237258526812
      ],
      [
        -0.0535139193324879,
        -0.9971129029719047,
        0.053871320427633054
      ],
      [
        -0.001109789225608504,
        -0.053889202116607124,
        -0.9985463045162751
      ]
    ],
    "t": [
      0.22098518629427394,
      1.4266698996676603,
      6.488173018549691
    ]
  },
  "11": {
    "R": [
      [
        0.34689833711300583,
        -0.7555486531433961,
        -0.555704756540226
      ],
      [
        0.30576258510350723,
        0.6512307304280415,
        -0.694555812945929
      ],
      [
        0.8866627235082414,
        0.07102653362906014,
        0.45692936681897356
      ]
    ],
    "t": [
      158.3552340620025,
      6.2166845811234115,
      -563.4809712788558
    ]
  },
  "12": {
    "R": [
      [
        0.6066610394001497,
        -0.7919979588922553,
        0.06856833368568546
      ],
      [
        0.7501124585050448,
        0.5988639355821587,
        0.2805232365679635
      ],
      [
        -0.2632369329509967,
        -0.118748556915651,
        0.9573949536951838
      ]
    ],
    "t": [
      -33.72960031199689,
      -75.7279546281295,
      479.13859266192435
    ]
  },
  "13": {
    "R": [
      [
        0.3303412724050576,
        -0.6981675715072111,
        -0.6351666598944962
      ],
      [
        0.3759773902841865,
        0.7145851832803731,
        -0.5899228914284034
      ],
      [
        0.8657457165593717,
        -0.04393242460732666,
        0.4985522002029692
      ]
    ],
    "t": [
      161.7590834183007,
      -8.489707434605124,
      -552.1910181483004
    ]
  },
  "14": {
    "R": [
      [
        -0.1103838096655555,
        0.9914144221301296,
        0.07009178379881115
      ],
      [
        -0.1984654561308251,
        0.04711522687582326,
        -0.9789747791027219
      ],
      [
        -0.9738721051999086,
        -0.12197376352650835,
        0.19156075726692434
      ]
    ],
    "t": [
      -223.5134925174856,
      -165.805652271595,
      1042.5572015264747
    ]
  },
  "15": {
    "R": [
      [
        0.48550926406756134,
        0.8533235971220837,
        0.19005155379318145
      ],
      [
        -0.5643848181801338,
        0.47195971699128314,
        -0.6772915196171329
      ],
      [
        -0.6676455133619577,
        0.22156909561609783,
        0.7107436980765374
      ]
    ],
    "t": [
      -220.3716688796726,
      -158.23669505460495,
      1061.0496593243838
    ]
  },
  "16": {
    "R": [
      [
        0.4736259296101878,
        0.8515794318004396,
        0.22470191395563532
      ],
      [
        -0.5783739093985615,
        0.4931459440944269,
        -0.6498389790942376
      ],
      [
        -0.664200346076325,
        0.17781886614658376,
        0.7260980313390426
      ]
    ],
    "t": [
      -223.07399097326024,
      -164.26783976540474,
      1065.288593235043
    ]
  },
  "17": {
    "R": [
      [
        0.4175037891093748,
        0.861747188780666,
        -0.28824012334845783
      ],
      [
        0.07686563706944821,
        0.2825791557201469,
        0.9561593458155377
      ],
      [
        0.9054182789833783,
        -0.4213559105804836,
        0.05173912157805738
      ]
    ],
    "t": [
      9.932237872064045,
      3.6784034477677374,
      6.171735495885467
    ]
  },
  "18": {
    "R": [
      [
        0.4540988268229585,
        -0.8082644788402344,
        -0.3748370148786494
      ],
      [
        -0.6294382366824045,
        -0.5887922912524983,
        0.5070810033552612
      ],
      [
        -0.6305567077433701,
        0.005671860960680508,
        -0.776122457034381
      ]
    ],
    "t": [
      -3.619661049875713,
      5.076649965741417,
      1.6375611973475444
    ]
  },
  "19": {
    "R": [
      [
        0.2753377394671648,
        -0.9383887282618538,
        -0.20884377868687395
      ],
      [
        -0.7578447867501975,
        -0.34553129385392534,
        0.5534251567856124
      ],
      [
        -0.5914899901271864,
        0.005892337289447713,
        -0.8062908110232982
      ]
    ],
    "t": [
      0.1940860885844169,
      -0.42593022516839285,
      -0.14469357573055186
    ]
  },
  "20": {
    "R": [
      [
        -0.5753126082750384,
        -0.3823139487168483,
        0.723084675108181
      ],
      [
        0.16278287553976667,
        -0.9198716284109631,
        -0.3568443956062197
      ],
      [
        0.8015716675324656,
        -0.08759127731169628,
        0.5914479097504095
      ]
    ],
    "t": [
      18.946833372238856,
      107.19309130630361,
      -669.2644024658263
    ]
  },
  "21": {
    "R": [
      [
        0.13438433591697868,
        0.03649248865173205,
        0.990257112336062
      ],
      [
        -0.9708099856967846,
        -0.1955017452628975,
        0.13894977247397777
      ],
      [
        0.1986676167158647,
        -0.9800241659628423,
        0.009154900178263231
      ]
    ],
    "t": [
      1.2119700064986934,
      -8.67690848516924,
      17.444756005579862
    ]
  },
  "22": {
    "R": [
      [
        -0.4881511710425666,
        -0.21545035250059055,
        0.8457479410658605
      ],
      [
        0.08226480620254054,
        -0.9760950699838187,
        -0.2011738452526637
      ],
      [
        0.8688733715969373,
        -0.028627957675243204,
        0.49420593295620724
      ]
    ],
    "t": [
      9.78004149674988,
      123.08811898836943,
      -708.7289363065958
    ]
  },
  "23": {
    "R": [
      [
        0.5530125878884113,
        -0.8328666188274146,
        0.02258922043701367
      ],
      [
        0.613176837998947,
        0.3884862799368606,
        -0.6878172545396286
      ],
      [
        0.5640844289453266,
        0.3942227866876915,
        0.7255323228344935
      ]
    ],
    "t": [
      0.11913772982977053,
      -69.21630118563172,
      452.33132028534186
    ]
  },
  "24": {
    "R": [
      [
        0.6168323410996027,
        -0.5210580410576171,
        -0.5899291320343334
      ],
      [
        0.6261216018911291,
        -0.1293472575230406,
        0.7689219899421232
      ],
      [
        -0.47695870116695627,
        -0.8436633243305453,
        0.2464601236724986
      ]
    ],
    "t": [
      -2737574962897870.0,
      -4223091748349457.0,
      3.4099444231590508e+16
    ]
  },
  "25": {
    "R": [
      [
        0.37345850503154193,
        -0.9211245162569394,
        0.10981061228326316
      ],
      [
        0.5979787727524258,
        0.3295442828554353,
        0.7306312017528401
      ],
      [
        -0.7091897717516153,
        -0.20719602116767644,
        0.6738840230003791
      ]
    ],
    "t": [
      115.54159379108081,
      14.339284774658706,
      -495.0540705240712
    ]
  },
  "26": {
    "R": [
      [
        -0.08077691916964552,
        -0.8767836118041082,
        -0.47405230449941216
      ],
      [
        0.9897601721582207,
        -0.014403525594846478,
        -0.14201176028684412
      ],
      [
        0.11768555960180518,
        -0.4806693629951688,
        0.8689689709874735
      ]
    ],
    "t": [
      89.17205025813035,
      23.081930286310257,
      -410.7440194975114
    ]
  },
  "27": {
    "R": [
      [
        -0.03805329997226104,
        -0.8121283945195892,
        0.5822365646163556
      ],
      [
        -0.9992756805396013,
        0.030782975515250444,
        -0.02237236466144238
      ],
      [
        0.00024625868143518526,
        -0.5826661816455989,
        -0.8127115479204168
      ]
    ],
    "t": [
      -0.13034627248788855,
      -0.055920156707155555,
      -0.039647122062366535
    ]
  },
  "28": {
    "R": [
      [
        -0.4926370763035207,
        -0.8565434439720714,
        0.1537596814499243
      ],
      [
        0.42388046590488404,
        -0.39049273367905635,
        -0.8172152565683757
      ],
      [
        0.7600224086665981,
        -0.33741480929609563,
        0.5554432327360753
      ]
    ],
    "t": [
      155.70267297453069,
      74.23258401423651,
      -642.0698540918695
    ]
  },
  "29": {
    "R": [
      [
        -0.8316209785612508,
        -0.38961604326216,
        -0.39573461669351906
      ],
      [
        0.5547785082059865,
        -0.6149913694934926,
        -0.5603627595417622
      ],
      [
        -0.02504705271220306,
        -0.6855544867341015,
        0.7275903317590023
      ]
    ],
    "t": [
      64.97290729721185,
      60.82866403055886,
      -430.5406262623328
    ]
  },
  "30": {
    "R": [
      [
        -0.7519671669595835,
        -0.65290887943365,
        -0.09085909404937886
      ],
      [
        0.5313359775326916,
        -0.6819030312755245,
        0.5026831356994489
      ],
      [
        -0.39016337449093985,
        0.32972450787581287,
        0.859682668263061
      ]
    ],
    "t": [
      40.87827805982635,
      48.10693012192839,
      -378.9387118338215
    ]
  },
  "31": {
    "R": [
      [
        0.7858122843621821,
        0.6133992763525422,
        -0.0789960854452086
      ],
      [
        -0.535523842394072,
        0.7387492529390159,
        0.4092233565053869
      ],
      [
        0.30937560985471724,
        -0.2792684533781492,
        0.9090081754169201
      ]
    ],
    "t": [
      -9.668309881532497,
      -37.15115527741902,
      397.01184916876
    ]
  },
  "32": {
    "R": [
      [
        -0.6592737316499016,
        -0.6339018540098456,
        -0.40438420621890453
      ],
      [
        0.6412869764198994,
        -0.7548337315698994,
        0.13775721962381518
      ],
      [
        -0.39256739629092546,
        -0.16850660867497472,
        0.9041550542922503
      ]
    ],
    "t": [
      3.8261927717365745,
      9.697826448668602,
      -328.77395480289795
    ]
  },
  "33": {
    "R": [
      [
        -0.7104036497618358,
        -0.5595270395475509,
        -0.4269146828351259
      ],
      [
        0.6009178383145211,
        -0.7979907666383859,
        0.04591827474202598
      ],
      [
        -0.36636649137232236,
        -0.22392013838651126,
        0.9031253321795927
      ]
    ],
    "t": [
      -10.334953261347062,
      0.81543924857048,
      -329.2374421500855
    ]
  },
  "34": {
    "R": [
      [
        0.6865218759500288,
        -0.6676995137236126,
        0.2878629417193268
      ],
      [
        0.7237743247578654,
        0.5896632518167523,
        -0.3583963954592589
      ],
      [
        0.06955890067668821,
        0.4543947720101373,
        0.8880804865024938
      ]
    ],
    "t": [
      4.319798954687587,
      -61.13793451426002,
      432.50477807154607
    ]
  },
  "35": {
    "R": [
      [
        0.3388639851722878,
        -0.18085708191495825,
        -0.923288641473706
      ],
      [
        -0.7172169750996331,
        -0.6847881237393277,
        -0.12909313000506067
      ],
      [
        -0.6089096896766284,
        0.7059432990735002,
        -0.36176380182535517
      ]
    ],
    "t": [
      -7.209907758187678,
      1.4432886630423143,
      -7.381105569124974
    ]
  },
  "36": {
    "R": [
      [
        -0.5531697050800519,
        -0.7807463271601491,
        0.2905829485836806
      ],
      [
        0.510725244206317,
        -0.5934009419860917,
        -0.6221214085533603
      ],
      [
        0.6581512001903866,
        -0.1957306687158568,
        0.7269982826747237
      ]
    ],
    "t": [
      13.659089518852209,
      -12.031147196133157,
      -456.7352339997358
    ]
  },
  "37": {
    "R": [
      [
        0.9367978190985069,
        0.0003835896669472372,
        -0.34987097477677165
      ],
      [
        -0.284115846720846,
        0.5844098287524148,
        -0.7600942952684685
      ],
      [
        0.20417647213716306,
        0.8114585663584682,
        0.5475828369380122
      ]
    ],
    "t": [
      2104049314.2352402,
      -1589460839.5067825,
      -20550228077.03697
    ]
  },
  "38": {
    "R": [
      [
        0.9999363002040441,
        -0.0031242356373888803,
        -0.010845952513693588
      ],
      [
        -0.005026998471408391,
        -0.9836316599930494,
        -0.18012075601020067
      ],
      [
        -0.010105682590289716,
        0.18016380494150275,
        -0.9835847083847858
      ]
    ],
    "t": [
      0.2855639822066647,
      -5.284098172937641,
      6.6106038201612805
    ]
  },
  "39": {
    "R": [
      [
        0.14183538577750127,
        0.4133834563192036,
        -0.8994425169975773
      ],
      [
        0.5682472387953408,
        -0.7780046757160688,
        -0.26796231109132884
      ],
      [
        -0.8105416700841597,
        -0.47309918897153513,
        -0.34525260093395016
      ]
    ],
    "t": [
      4.824506836611853,
      -6.494344114016243,
      6.6341048569117484
    ]
  },
  "40": {
    "R": [
      [
        0.9699081650768147,
        -0.14676898594279214,
        -0.19426017626536607
      ],
      [
        -0.006989056123891488,
        0.7807653846327397,
        -0.624785216897605
      ],
      [
        0.24337071395676124,
        0.6073419785628315,
        0.7562449448846331
      ]
    ],
    "t": [
      28.276174427515887,
      -64.98050162239349,
      455.7918050266059
    ]
  },
  "41": {
    "R": [
      [
        0.9779052617642078,
        -0.13737518692718018,
        -0.15757333857794192
      ],
      [
        0.02955265041992705,
        0.837040679019926,
        -0.5463419648160106
      ],
      [
        0.20694912386147957,
        0.5296139723256776,
        0.822606285199902
      ]
    ],
    "t": [
      36.5883688274933,
      -74.08400597258789,
      506.30818417615495
    ]
  },
  "42": {
    "R": [
      [
        0.09617459171682599,
        0.6833121719604144,
        0.7237644116415526
      ],
      [
        0.981864649770745,
        0.0542230058192357,
        -0.18166363194238783
      ],
      [
        -0.1633776528129659,
        0.7281101161848174,
        -0.6657051909596753
      ]
    ],
    "t": [
      -273011218262329.38,
      -73825484504459.84,
      1224572555354992.0
    ]
  },
  "43": {
    "R": [
      [
        0.5970448735764555,
        0.8021315564997984,
        0.01106277556877329
      ],
      [
        -0.7845171486464761,
        0.5809428772408317,
        0.21688295659813117
      ],
      [
        0.1675418228851444,
        -0.13816779454834904,
        0.9761349282419762
      ]
    ],
    "t": [
      -88.45012969550655,
      -1.1324478435115042,
      329.68839384576427
    ]
  },
  "44": {
    "R": [
      [
        0.5451765899404579,
        0.8362050007050145,
        0.05952883819478276
      ],
      [
        -0.8111547562787927,
        0.5082474224634287,
        0.28933115788931774
      ],
      [
        0.21168478251207873,
        -0.20602367425907117,
        0.955376260170623
      ]
    ],
    "t": [
      -92.67785807338842,
      16.57761806496291,
      317.72352479019054
    ]
  },
  "45": {
    "R": [
      [
        -0.30562812426291763,
        0.5473409954077577,
        -0.7791080056099895
      ],
      [
        -0.6772124833080413,
        -0.7001501037514822,
        -0.22621468711943665
      ],
      [
        -0.6693091229852515,
        0.4584840967392802,
        0.5846517176284356
      ]
    ],
    "t": [
      56.82600108568629,
      35.94370165624744,
      -363.7928617999337
    ]
  },
  "46": {
    "R": [
      [
        0.7730466541865822,
        0.15738809967813236,
        -0.6145143257326365
      ],
      [
        -0.5165602710381028,
        0.7184599279028427,
        -0.46581199896834324
      ],
      [
        0.36819065283623437,
        0.6775280939396892,
        0.6367034828603336
      ]
    ],
    "t": [
      -66.53696143865906,
      -64.50750536847578,
      410.6509582713982
    ]
  },
  "47": {
    "R": [
      [
        0.9265419642582307,
        0.19763411264490555,
        -0.32009490153321773
      ],
      [
        -0.28401437095373233,
        0.9254649356479336,
        -0.25069999995596703
      ],
      [
        0.24668973541729558,
        0.3231956225031938,
        0.9136130275091954
      ]
    ],
    "t": [
      -61.52095899718251,
      -68.2772162798668,
      419.19411370200385
    ]
  },
  "48": {
    "R": [
      [
        0.8847114368952743,
        0.3099039110190794,
        0.34820287098439834
      ],
      [
        -0.12933590392706995,
        0.8808626686280092,
        -0.45536049781783844
      ],
      [
        -0.44783690935659465,
        0.35782750726099916,
        0.8193909797314789
      ]
    ],
    "t": [
      -71.57984194864844,
      -68.69343264349929,
      411.8554269495648
    ]
  },
  "49": {
    "R": [
      [
        0.5504713796796109,
        -0.8240128092826998,
        -0.13410499726579475
      ],
      [
        -0.8015884086067141,
        -0.5665661331382302,
        0.19094198063325127
      ],
      [
        -0.23331798760700248,
        0.00238891582655279,
        -0.9723975574528106
      ]
    ],
    "t": [
      4.382916699464011,
      -6.61108232306459,
      -7.0407593246465465
    ]
  },
  "50": {
    "R": [
      [
        -0.9530593449337494,
        0.2841183243956061,
        0.10466452492170314
      ],
      [
        -0.3001885397336666,
        -0.9318028489621626,
        -0.204035024636865
      ],
      [
        0.03955661318947196,
        -0.22587657782211598,
        0.9733524777511733
      ]
    ],
    "t": [
      10.046043962195466,
      60.1483206130484,
      -399.1224455356216
    ]
  },
  "51": {
    "R": [
      [
        0.9389037295552808,
        -0.1841036362220105,
        -0.29080171553314094
      ],
      [
        0.22912084913295197,
        0.9648204847484513,
        0.128938235998321
      ],
      [
        0.25683345405102365,
        -0.18768932665337495,
        0.9480555329413058
      ]
    ],
    "t": [
      -56.62731480760333,
      -23.0268836420057,
      355.0106360969287
    ]
  },
  "52": {
    "R": [
      [
        0.8892187011620843,
        -0.16436304188229073,
        0.426936636946065
      ],
      [
        0.2765117589595524,
        0.9365706569033516,
        -0.21535238978176846
      ],
      [
        -0.3644603526595317,
        0.3095483727801273,
        0.8782644568969332
      ]
    ],
    "t": [
      -52.76705779565484,
      -6.579580077956431,
      332.1178320539549
    ]
  },
  "53": {
    "R": [
      [
        -0.8310671663259136,
        0.5076758620123968,
        0.22714001009286489
      ],
      [
        -0.5560802869294262,
        -0.7658949070384488,
        -0.32276881178492656
      ],
      [
        0.010103442161157425,
        -0.394550643774074,
        0.9188186491108898
      ]
    ],
    "t": [
      12.92531225357797,
      13.58818763020211,
      -336.4996970706624
    ]
  },
  "54": {
    "R": [
      [
        0.5964599958308063,
        -0.393119667673509,
        0.6997802514088152
      ],
      [
        -0.7708286135740958,
        -0.03752747940618334,
        0.6359362678640493
      ],
      [
        -0.22373806531064858,
        -0.9187211846788385,
        -0.3254115286116329
      ]
    ],
    "t": [
      0.9599748816091891,
      -11.17920909473987,
      2.7039755827295764
    ]
  },
  "55": {
    "R": [
      [
        0.7941573422675239,
        -0.2818131092066394,
        -0.5384194342720828
      ],
      [
        -0.014823837519763045,
        0.8767308130142973,
        -0.4807528838732814
      ],
      [
        0.607531373316449,
        0.38977487475538475,
        0.6920846606056613
      ]
    ],
    "t": [
      -27.45580679161252,
      -77.9764430252539,
      435.95237935807097
    ]
  },
  "56": {
    "R": [
      [
        -0.3270478397837453,
        0.479066072635995,
        -0.8145768278940358
      ],
      [
        -0.6799593662614125,
        -0.7179071300428184,
        -0.1492133133036818
      ],
      [
        -0.656273548702189,
        0.5050792518831159,
        0.5605354391927669
      ]
    ],
    "t": [
      69.913566809479,
      25.08742782238636,
      -355.3729116615513
    ]
  },
  "57": {
    "R": [
      [
        0.8626225139062011,
        0.01713747831041977,
        0.5055578160203894
      ],
      [
        0.1625501231664952,
        0.9370286464613928,
        -0.30911935101071814
      ],
      [
        -0.47901968222684055,
        0.3488317969278177,
        0.8055163074025297
      ]
    ],
    "t": [
      -23.28746283305777,
      -78.99174283442541,
      437.69250346995733
    ]
  },
  "58": {
    "R": [
      [
        0.16814762761140056,
        -0.8095548775426042,
        -0.5624475758465292
      ],
      [
        0.9716724973957094,
        0.23224006786216123,
        -0.043784799693090626
      ],
      [
        0.16606906133727342,
        -0.539152530483126,
        0.8256728260880328
      ]
    ],
    "t": [
      -65.45618211045303,
      -70.80856234297069,
      519.6266235508724
    ]
  },
  "59": {
    "R": [
      [
        -0.9767141401640388,
        0.14285090061504985,
        0.16007219807665518
      ],
      [
        0.1940538655399312,
        0.9064225715466198,
        0.3751549267433702
      ],
      [
        -0.0915018342582982,
        0.3974817505047022,
        -0.9130365120536444
      ]
    ],
    "t": [
      -110.61951583885626,
      -187.4414522546329,
      -99.81075971281814
    ]
  },
  "60": {
    "R": [
      [
        0.5418055919780622,
        0.8036052710538973,
        0.24630320508611653
      ],
      [
        -0.5883425648217743,
        0.5718853319026185,
        -0.5716644064252803
      ],
      [
        -0.6002497204666051,
        0.1648203127318473,
        0.782645857071216
      ]
    ],
    "t": [
      60.69819719129535,
      18.175518845461514,
      -537.7771748321823
    ]
  },
  "61": {
    "R": [
      [
        -0.41163873910436566,
        0.6688106033631512,
        -0.619068594985714
      ],
      [
        -0.8146818829159616,
        -0.5745073266255678,
        -0.07896050469726734
      ],
      [
        -0.4084690662915271,
        0.47184076602447267,
        0.7813573532004209
      ]
    ],
    "t": [
      -4.559281272772018,
      71.38230270567423,
      -470.4150168549561
    ]
  },
  "62": {
    "R": [
      [
        0.4101330701973511,
        -0.8737363572676943,
        0.26148736627048497
      ],
      [
        0.812182157816462,
        0.21946628426174408,
        -0.5405503608332334
      ],
      [
        0.4149108425373941,
        0.434072952464126,
        0.7996434609774448
      ]
    ],
    "t": [
      30.13240005123087,
      -46.539249622221476,
      439.28809096080107
    ]
  },
  "63": {
    "R": [
      [
        -0.3637465533965754,
        0.9146632954571253,
        -0.17629379125659522
      ],
      [
        -0.8690973575929618,
        -0.4013503275326174,
        -0.28911537076812854
      ],
      [
        -0.3351987886568864,
        0.048051748490272356,
        0.9409212515136343
      ]
    ],
    "t": [
      5.674197255364857,
      -0.8419646932575305,
      -336.49539539425047
    ]
  },
  "64": {
    "R": [
      [
        -0.41621594005638474,
        0.8798869053229436,
        0.22926692976570537
      ],
      [
        -0.7392502982501227,
        -0.18064953317655985,
        -0.6487485974552817
      ],
      [
        -0.5294084319125302,
        -0.4395051535582989,
        0.7256458724581927
      ]
    ],
    "t": [
      -731184758145454.2,
      -769915189353365.4,
      6117678397554230.0
    ]
  },
  "65": {
    "R": [
      [
        -0.5294586375237551,
        -0.6887499486320408,
        0.4952747312460531
      ],
      [
        0.3950839582767762,
        -0.7168338242687755,
        -0.5745066877735688
      ],
      [
        0.7507211313556077,
        -0.10850242690172199,
        0.6516479158967617
      ]
    ],
    "t": [
      111.76550401531338,
      114.97955415163084,
      -734.2248614752248
    ]
  },
  "66": {
    "R": [
      [
        -0.8732961991351083,
        -0.3874734731732192,
        -0.2953270325643351
      ],
      [
        0.486798723269764,
        -0.718274704586898,
        -0.49710004201722996
      ],
      [
        -0.019512857276703738,
        -0.5778803996829159,
        0.8158881614922551
      ]
    ],
    "t": [
      38.69234123472257,
      56.25926267429824,
      -388.23301476334024
    ]
  },
  "67": {
    "R": [
      [
        -0.3361202221660782,
        0.3925809135001707,
        -0.8560977879929358
      ],
      [
        -0.6737920395609467,
        -0.7353397940721105,
        -0.07266136991748598
      ],
      [
        -0.6580482381066951,
        0.5524089188358182,
        0.5116804693510556
      ]
    ],
    "t": [
      81.9461153031831,
      17.011366646073533,
      -349.5076549153781
    ]
  },
  "68": {
    "R": [
      [
        0.8834543622735804,
        0.1047584482818565,
        -0.45665529373188996
      ],
      [
        -0.3504193481037896,
        0.7947132113861962,
        -0.4956179901120963
      ],
      [
        0.31098982339346126,
        0.5978767257234692,
        0.7388022405108738
      ]
    ],
    "t": [
      -21.444950291323917,
      -76.51421573598495,
      449.1827496131845
    ]
  },
  "69": {
    "R": [
      [
        -0.7933916995906007,
        0.04561938485994677,
        -0.6069995739255
      ],
      [
        -0.031934097893620776,
        -0.9989339178801813,
        -0.033335283113726744
      ],
      [
        -0.6078731976427806,
        -0.0070639531108104975,
        0.7940026927876188
      ]
    ],
    "t": [
      6.324590037229422,
      76.20087023659943,
      -435.9056244922282
    ]
  },
  "70": {
    "R": [
      [
        0.9477039341763446,
        -0.09623901457151046,
        0.30429476699572583
      ],
      [
        -0.04185139863083334,
        0.9077429221433638,
        0.41743412382227424
      ],
      [
        -0.3163948697108118,
        -0.4083391230006394,
        0.8562438011733263
      ]
    ],
    "t": [
      -11.473596137771725,
      -58.25540780712893,
      399.87472071164603
    ]
  },
  "71": {
    "R": [
      [
        0.8892699063646743,
        0.366998654554091,
        -0.27296706978983754
      ],
      [
        0.4573722297986029,
        -0.7175823700742796,
        0.5252486892583674
      ],
      [
        -0.0031107946279022303,
        -0.5919354100863252,
        -0.8059794000113876
      ]
    ],
    "t": [
      -0.4475118856706111,
      1.063045061975899,
      0.3415083596265482
    ]
  },
  "72": {
    "R": [
      [
        0.8220672865040031,
        0.0704744980328818,
        -0.5650121428668228
      ],
      [
        -0.40255374334353294,
        0.7737201537917314,
        -0.48919076783664756
      ],
      [
        0.40268580826750605,
        0.629595480243873,
        0.6644198003344215
      ]
    ],
    "t": [
      -33.20812385185431,
      -31.732284115534306,
      355.8226633614967
    ]
  },
  "73": {
    "R": [
      [
        0.8453606908917504,
        -0.5159271759339293,
        0.1385079471650007
      ],
      [
        -0.5076571000202389,
        -0.8565974937056566,
        -0.09233094051415641
      ],
      [
        0.16628160179064744,
        0.007738404876191651,
        -0.986047943051406
      ]
    ],
    "t": [
      -4.447187806666493,
      2.705162586765406,
      -6.719150418234157
    ]
  },
  "74": {
    "R": [
      [
        0.7617081077730069,
        -0.6472474892516151,
        -0.029520267789204812
      ],
      [
        -0.6474934408348199,
        -0.7620693951089313,
        0.0015751552919800928
      ],
      [
        -0.02351600792548848,
        0.01791437120829472,
        -0.99956294082737
      ]
    ],
    "t": [
      0.7597913896634467,
      -0.5188915918417276,
      -6.550581650233203
    ]
  },
  "75": {
    "R": [
      [
        0.7065374268156979,
        -0.6789606449413422,
        0.19954274511865583
      ],
      [
        -0.6514114654978461,
        -0.7341553194165471,
        -0.19151780489117914
      ],
      [
        0.27652842010650663,
        0.005330065029997791,
        -0.9609909590002266
      ]
    ],
    "t": [
      7.266280593317384,
      -6.6334888956818325,
      7.4036377691369815
    ]
  },
  "76": {
    "R": [
      [
        0.25970870615472863,
        0.8195223447167788,
        -0.5108174962326076
      ],
      [
        -0.9109147915211209,
        0.03228492326389287,
        -0.4113294620105368
      ],
      [
        -0.32060198149024255,
        0.5721370554681438,
        0.754899701433755
      ]
    ],
    "t": [
      47.45497622664904,
      41.68212054669313,
      -407.3124482947813
    ]
  },
  "77": {
    "R": [
      [
        0.5226180267923375,
        -0.5267607862103785,
        -0.6703681616714113
      ],
      [
        0.5555352974734047,
        0.8068543928372135,
        -0.2009142155757708
      ],
      [
        0.6467232262203201,
        -0.2674117852120874,
        0.7143108607580212
      ]
    ],
    "t": [
      -25.934546969547124,
      -38.29987518906036,
      356.9117319403593
    ]
  },
  "78": {
    "R": [
      [
        -0.3143430199457534,
        0.6340647967877971,
        -0.7065056965699803
      ],
      [
        -0.7838517006087585,
        -0.5931827071153185,
        -0.18360497659949054
      ],
      [
        -0.5355044138605589,
        0.4960807489248013,
        0.6834756127924884
      ]
    ],
    "t": [
      37.559563714959985,
      -2.887508757976515,
      -346.8508278683504
    ]
  },
  "79": {
    "R": [
      [
        -0.9970080175697459,
        0.012083301872309663,
        -0.07634793197924732
      ],
      [
        0.04149470679709555,
        -0.7496650001234136,
        -0.6605153873285504
      ],
      [
        -0.06521657925304124,
        -0.6617071719467945,
        0.7469206225461357
      ]
    ],
    "t": [
      16.38580158226259,
      34.56259733266587,
      -357.87513945293557
    ]
  },
  "80": {
    "R": [
      [
        -0.2404396811773713,
        0.9673129142608868,
        -0.08058837149015025
      ],
      [
        0.9706352989598616,
        0.23896310736257104,
        -0.027636022375238264
      ],
      [
        -0.0074750336737952755,
        -0.08486671446294335,
        -0.9963642730687613
      ]
    ],
    "t": [
      -2.047678501533485,
      -0.7120984762161231,
      6.492312275909212
    ]
  },
  "81": {
    "R": [
      [
        -0.9166421975704341,
        -0.02882403111995151,
        0.39866810364417316
      ],
      [
        -0.030688106246139882,
        0.9995275520803809,
        0.0017066831067190473
      ],
      [
        -0.398528947214968,
        -0.010669951368080209,
        -0.9170936868006082
      ]
    ],
    "t": [
      55.02187668801649,
      -1.1539940965782414,
      25.341806388094476
    ]
  },
  "82": {
    "R": [
      [
        -0.6364982913645517,
        0.7594871803931091,
        -0.13434711723193354
      ],
      [
        0.1373743272164849,
        0.2830376301905495,
        0.9492196764279256
      ],
      [
        0.7589454653081631,
        0.5857208573327762,
        -0.28448700844420516
      ]
    ],
    "t": [
      2.70585123478007,
      7.817515968769103,
      -7.561020495316026
    ]
  },
  "83": {
    "R": [
      [
        -0.34709485624667413,
        0.7415973681387257,
        0.5740718633906529
      ],
      [
        -0.7833775717879944,
        -0.5658021613748269,
        0.2572693028775885
      ],
      [
        0.5156013390078099,
        -0.3604181706758001,
        0.7773377653633352
      ]
    ],
    "t": [
      21.435829445726785,
      -2.791075945122577,
      -346.04569703956975
    ]
  }
}